{
	"class_name" : "PoseGraph",
	"edges" : 
	[
		{
			"class_name" : "PoseGraphEdge",
			"confidence" : 1.0,
			"information" : 
			[
				39880.887632706261,
				-6969.6133193357336,
				-13564.540587181114,
				0.0,
				-11183.16660785675,
				5742.4692716598511,
				-6969.6133193357336,
				37445.438240404495,
				-16194.687305641764,
				11183.16660785675,
				0.0,
				-4815.8546359539032,
				-13564.540587181114,
				-16194.687305641764,
				14219.847476924242,
				-5742.4692716598511,
				4815.8546359539032,
				0.0,
				0.0,
				11183.16660785675,
				-5742.4692716598511,
				3967.0,
				0.0,
				0.0,
				-11183.16660785675,
				0.0,
				4815.8546359539032,
				0.0,
				3967.0,
				0.0,
				5742.4692716598511,
				-4815.8546359539032,
				0.0,
				0.0,
				0.0,
				3967.0
			],
			"source_node_id" : 0,
			"target_node_id" : 1,
			"transformation" : 
			[
				0.999465577986832,
				-0.032548991279140085,
				-0.0030201963775298756,
				0.0,
				0.032530883599407937,
				0.99945353671199011,
				-0.0058625562798950495,
				0.0,
				0.0032093662443147325,
				0.0057611735439607997,
				0.99997825418741348,
				0.0,
				-0.099910733206843461,
				-0.052863540368615909,
				-0.045413630645125144,
				1.0
			],
			"uncertain" : false,
			"version_major" : 1,
			"version_minor" : 0
		},
		{
			"class_name" : "PoseGraphEdge",
			"confidence" : 1.0,
			"information" : 
			[
				55057.277276401757,
				-9115.2639309298829,
				-17463.109621182375,
				0.0,
				-15420.054550886154,
				8039.8766753673553,
				-9115.2639309298829,
				50421.583273731514,
				-22547.167015313567,
				15420.054550886154,
				0.0,
				-6235.7379265427589,
				-17463.109621182375,
				-22547.167015313567,
				18923.443734733304,
				-8039.8766753673553,
				6235.7379265427589,
				0.0,
				0.0,
				15420.054550886154,
				-8039.8766753673553,
				5499.0,
				0.0,
				0.0,
				-15420.054550886154,
				0.0,
				6235.7379265427589,
				0.0,
				5499.0,
				0.0,
				8039.8766753673553,
				-6235.7379265427589,
				0.0,
				0.0,
				0.0,
				5499.0
			],
			"source_node_id" : 1,
			"target_node_id" : 2,
			"transformation" : 
			[
				0.99729375503968398,
				-0.073167330471012343,
				0.0071908212737918755,
				0.0,
				0.07261776016732914,
				0.99560876752993221,
				0.059074892516276102,
				0.0,
				-0.011481596889205893,
				-0.058392840051456445,
				0.99822765397658575,
				0.0,
				-0.16878296874901716,
				0.26398040457320537,
				-0.09578965652657187,
				1.0
			],
			"uncertain" : false,
			"version_major" : 1,
			"version_minor" : 0
		},
		{
			"class_name" : "PoseGraphEdge",
			"confidence" : 1.0,
			"information" : 
			[
				71613.392611108939,
				-11535.862235313145,
				-22316.004512079504,
				0.0,
				-19658.973559379578,
				10174.418906331062,
				-11535.862235313145,
				65463.692862865748,
				-29199.416695574586,
				19658.973559379578,
				0.0,
				-7771.3075758814812,
				-22316.004512079504,
				-29199.416695574586,
				24129.56676448954,
				-10174.418906331062,
				7771.3075758814812,
				0.0,
				0.0,
				19658.973559379578,
				-10174.418906331062,
				6850.0,
				0.0,
				0.0,
				-19658.973559379578,
				0.0,
				7771.3075758814812,
				0.0,
				6850.0,
				0.0,
				10174.418906331062,
				-7771.3075758814812,
				0.0,
				0.0,
				0.0,
				6850.0
			],
			"source_node_id" : 2,
			"target_node_id" : 3,
			"transformation" : 
			[
				0.99977530485227895,
				-0.0052075279819445795,
				0.020548028125614032,
				0.0,
				0.005275040470778136,
				0.99998086141689302,
				-0.0032327616614458063,
				0.0,
				-0.02053080016865913,
				0.0033404269555440498,
				0.99978364049037594,
				0.0,
				-0.0027926205436435004,
				0.042063032804972846,
				0.014223902373320579,
				1.0
			],
			"uncertain" : false,
			"version_major" : 1,
			"version_minor" : 0
		},
		{
			"class_name" : "PoseGraphEdge",
			"confidence" : 1.0,
			"information" : 
			[
				53232.207729377937,
				-8209.5735280710232,
				-15607.717711775946,
				0.0,
				-14499.218602895737,
				7629.734864115715,
				-8209.5735280710232,
				47643.174820450302,
				-21920.426217880216,
				14499.218602895737,
				0.0,
				-5431.4285851120949,
				-15607.717711775946,
				-21920.426217880216,
				17508.193368350116,
				-7629.734864115715,
				5431.4285851120949,
				0.0,
				0.0,
				14499.218602895737,
				-7629.734864115715,
				5048.0,
				0.0,
				0.0,
				-14499.218602895737,
				0.0,
				5431.4285851120949,
				0.0,
				5048.0,
				0.0,
				7629.734864115715,
				-5431.4285851120949,
				0.0,
				0.0,
				0.0,
				5048.0
			],
			"source_node_id" : 3,
			"target_node_id" : 4,
			"transformation" : 
			[
				0.99943945113096522,
				-0.027225442891686595,
				0.019482268409705836,
				0.0,
				0.027363829458823315,
				0.99960191771448836,
				-0.0068721858869787841,
				0.0,
				-0.019287414559363354,
				0.0074014431611862655,
				0.99978658436625722,
				0.0,
				-0.023711902084907095,
				0.042668720800788651,
				-0.0038645055702627587,
				1.0
			],
			"uncertain" : false,
			"version_major" : 1,
			"version_minor" : 0
		},
		{
			"class_name" : "PoseGraphEdge",
			"confidence" : 1.0,
			"information" : 
			[
				43671.163704085528,
				-6595.0947755153811,
				-12421.108740169144,
				0.0,
				-11798.289501667023,
				6263.0956476926804,
				-6595.0947755153811,
				38684.753590084838,
				-18075.380037894596,
				11798.289501667023,
				0.0,
				-4304.1422731280327,
				-12421.108740169144,
				-18075.380037894596,
				14223.034812154907,
				-6263.0956476926804,
				4304.1422731280327,
				0.0,
				0.0,
				11798.289501667023,
				-6263.0956476926804,
				4090.0,
				0.0,
				0.0,
				-11798.289501667023,
				0.0,
				4304.1422731280327,
				0.0,
				4090.0,
				0.0,
				6263.0956476926804,
				-4304.1422731280327,
				0.0,
				0.0,
				0.0,
				4090.0
			],
			"source_node_id" : 4,
			"target_node_id" : 5,
			"transformation" : 
			[
				0.99968403783717485,
				-0.017839060307035401,
				-0.017708540903285615,
				0.0,
				0.017717382688711036,
				0.9998184998372911,
				-0.0070044081670763009,
				0.0,
				0.017830278859937869,
				0.0066884460430802527,
				0.99981865647991641,
				0.0,
				-0.087230632339491618,
				0.026306129264394514,
				0.038813680691093685,
				1.0
			],
			"uncertain" : false,
			"version_major" : 1,
			"version_minor" : 0
		},
		{
			"class_name" : "PoseGraphEdge",
			"confidence" : 1.0,
			"information" : 
			[
				32080.055060869534,
				-4550.2294973100325,
				-8468.0275062562669,
				0.0,
				-8610.416907787323,
				4624.5877722501755,
				-4550.2294973100325,
				27816.010521261509,
				-13366.303829574359,
				8610.416907787323,
				0.0,
				-2933.6810624599457,
				-8468.0275062562669,
				-13366.303829574359,
				10104.423674018048,
				-4624.5877722501755,
				2933.6810624599457,
				0.0,
				0.0,
				8610.416907787323,
				-4624.5877722501755,
				2981.0,
				0.0,
				0.0,
				-8610.416907787323,
				0.0,
				2933.6810624599457,
				0.0,
				2981.0,
				0.0,
				4624.5877722501755,
				-2933.6810624599457,
				0.0,
				0.0,
				0.0,
				2981.0
			],
			"source_node_id" : 5,
			"target_node_id" : 6,
			"transformation" : 
			[
				0.99954113438530534,
				0.029387874332176309,
				0.0073398578986774259,
				0.0,
				-0.028392622781344037,
				0.993414440361164,
				-0.11100274164862121,
				0.0,
				-0.010553655448841811,
				0.11074340849075601,
				0.993792995463601,
				0.0,
				0.041679249637790634,
				-0.31294179401242489,
				0.20135502844067998,
				1.0
			],
			"uncertain" : false,
			"version_major" : 1,
			"version_minor" : 0
		},
		{
			"class_name" : "PoseGraphEdge",
			"confidence" : 1.0,
			"information" : 
			[
				27524.327133270122,
				-3725.6775665359714,
				-6894.5534306098725,
				0.0,
				-7328.919246673584,
				3959.3076150417328,
				-3725.6775665359714,
				23566.976417131977,
				-11505.899946914584,
				7328.919246673584,
				0.0,
				-2375.6735574007034,
				-6894.5534306098725,
				-11505.899946914584,
				8483.1985891233817,
				-3959.3076150417328,
				2375.6735574007034,
				0.0,
				0.0,
				7328.919246673584,
				-3959.3076150417328,
				2524.0,
				0.0,
				0.0,
				-7328.919246673584,
				0.0,
				2375.6735574007034,
				0.0,
				2524.0,
				0.0,
				3959.3076150417328,
				-2375.6735574007034,
				0.0,
				0.0,
				0.0,
				2524.0
			],
			"source_node_id" : 6,
			"target_node_id" : 7,
			"transformation" : 
			[
				0.9963404625040192,
				-0.081617731579443048,
				0.025381660093509201,
				0.0,
				0.078211096326265453,
				0.99034569613376489,
				0.11444835761500628,
				0.0,
				-0.034477633165866654,
				-0.11204440209646688,
				0.99310490119127148,
				0.0,
				-0.056582630056417574,
				0.43991880956681279,
				-0.16784987027203216,
				1.0
			],
			"uncertain" : false,
			"version_major" : 1,
			"version_minor" : 0
		},
		{
			"class_name" : "PoseGraphEdge",
			"confidence" : 1.0,
			"information" : 
			[
				2.0,
				0.0,
				0.0,
				0.0,
				0.0,
				0.0,
				0.0,
				2.0,
				0.0,
				0.0,
				0.0,
				0.0,
				0.0,
				0.0,
				2.0,
				0.0,
				0.0,
				0.0,
				0.0,
				0.0,
				0.0,
				2.0,
				0.0,
				0.0,
				0.0,
				0.0,
				0.0,
				0.0,
				2.0,
				0.0,
				0.0,
				0.0,
				0.0,
				0.0,
				0.0,
				2.0
			],
			"source_node_id" : 7,
			"target_node_id" : 8,
			"transformation" : 
			[
				0.68255757937868777,
				0.72822068096148029,
				-0.061723501623808741,
				0.0,
				-0.58941936537008055,
				0.49858615039332355,
				-0.63560731773847423,
				0.0,
				-0.43208791068420072,
				0.47021961938647799,
				0.76954112754588899,
				0.0,
				1.4561335270539562,
				-1.9776194442711668,
				1.1600720818452845,
				1.0
			],
			"uncertain" : false,
			"version_major" : 1,
			"version_minor" : 0
		},
		{
			"class_name" : "PoseGraphEdge",
			"confidence" : 1.0,
			"information" : 
			[
				2.0,
				0.0,
				0.0,
				0.0,
				0.0,
				0.0,
				0.0,
				2.0,
				0.0,
				0.0,
				0.0,
				0.0,
				0.0,
				0.0,
				2.0,
				0.0,
				0.0,
				0.0,
				0.0,
				0.0,
				0.0,
				2.0,
				0.0,
				0.0,
				0.0,
				0.0,
				0.0,
				0.0,
				2.0,
				0.0,
				0.0,
				0.0,
				0.0,
				0.0,
				0.0,
				2.0
			],
			"source_node_id" : 8,
			"target_node_id" : 9,
			"transformation" : 
			[
				1.0,
				0.0,
				0.0,
				0.0,
				0.0,
				1.0,
				0.0,
				0.0,
				0.0,
				0.0,
				1.0,
				0.0,
				0.0,
				0.0,
				0.0,
				1.0
			],
			"uncertain" : false,
			"version_major" : 1,
			"version_minor" : 0
		},
		{
			"class_name" : "PoseGraphEdge",
			"confidence" : 1.0,
			"information" : 
			[
				2.0,
				0.0,
				0.0,
				0.0,
				0.0,
				0.0,
				0.0,
				2.0,
				0.0,
				0.0,
				0.0,
				0.0,
				0.0,
				0.0,
				2.0,
				0.0,
				0.0,
				0.0,
				0.0,
				0.0,
				0.0,
				2.0,
				0.0,
				0.0,
				0.0,
				0.0,
				0.0,
				0.0,
				2.0,
				0.0,
				0.0,
				0.0,
				0.0,
				0.0,
				0.0,
				2.0
			],
			"source_node_id" : 9,
			"target_node_id" : 10,
			"transformation" : 
			[
				1.0,
				0.0,
				0.0,
				0.0,
				0.0,
				1.0,
				0.0,
				0.0,
				0.0,
				0.0,
				1.0,
				0.0,
				0.0,
				0.0,
				0.0,
				1.0
			],
			"uncertain" : false,
			"version_major" : 1,
			"version_minor" : 0
		}
	],
	"nodes" : 
	[
		{
			"class_name" : "PoseGraphNode",
			"pose" : 
			[
				1.0000000000000002,
				7.6183334416133849e-21,
				0.0,
				0.0,
				-1.9417237699069772e-20,
				1.0000000000000002,
				2.7105054312137611e-20,
				0.0,
				3.3881317890172014e-21,
				2.7105054312137611e-20,
				1.0000000000000002,
				0.0,
				0.0,
				1.3552527156068805e-20,
				2.7105054312137611e-20,
				1.0
			],
			"version_major" : 1,
			"version_minor" : 0
		},
		{
			"class_name" : "PoseGraphNode",
			"pose" : 
			[
				0.9994655149999081,
				0.032532825182427651,
				0.0032093007989846883,
				0.0,
				-0.032550921149056146,
				0.99945349543170148,
				0.0057574301302614848,
				0.0,
				-0.0030202414335091456,
				-0.0058588185674690856,
				0.99997827595737054,
				0.0,
				0.098002382268753227,
				0.055806057487363843,
				0.046043008751802457,
				1.0
			],
			"version_major" : 1,
			"version_minor" : 0
		},
		{
			"class_name" : "PoseGraphNode",
			"pose" : 
			[
				0.99443132977823556,
				0.10509284742678293,
				-0.0078628096265087287,
				0.0,
				-0.10536258433125374,
				0.99302585525817899,
				-0.052899684420651634,
				0.0,
				0.0022485947903516106,
				0.053433549465631412,
				0.9985688757481741,
				0.0,
				0.29387978003121024,
				-0.18349536478137624,
				0.15434059236117698,
				1.0
			],
			"version_major" : 1,
			"version_minor" : 0
		},
		{
			"class_name" : "PoseGraphNode",
			"pose" : 
			[
				0.99360585320335648,
				0.10921112448306736,
				-0.028641556682108969,
				0.0,
				-0.11053237427441272,
				0.99263773256707455,
				-0.049527024152087443,
				0.0,
				0.023021787882170498,
				0.052376160352246945,
				0.99836202607544311,
				0.0,
				0.30097922892048623,
				-0.22570322202812651,
				0.14215140398943729,
				1.0
			],
			"version_major" : 1,
			"version_minor" : 0
		},
		{
			"class_name" : "PoseGraphNode",
			"pose" : 
			[
				0.9895800814923974,
				0.13530342040573787,
				-0.049236640218509417,
				0.0,
				-0.13737109945292689,
				0.9896562756697358,
				-0.041347757649059007,
				0.0,
				0.043132856949115575,
				0.047680608784068705,
				0.997930917547596,
				0.0,
				0.33047884803610711,
				-0.2645659881640044,
				0.14662027607108893,
				1.0
			],
			"version_major" : 1,
			"version_minor" : 0
		},
		{
			"class_name" : "PoseGraphNode",
			"pose" : 
			[
				0.98760222578345669,
				0.15364757600801165,
				-0.032160006443154449,
				0.0,
				-0.15471383649765125,
				0.98738093919578085,
				-0.033801031183072025,
				0.0,
				0.026560730858534033,
				0.038357571608787777,
				0.99891101919867586,
				0.0,
				0.41967918218477485,
				-0.27866654326766427,
				0.10595475772403065,
				1.0
			],
			"version_major" : 1,
			"version_minor" : 0
		},
		{
			"class_name" : "PoseGraphNode",
			"pose" : 
			[
				0.99125995160890235,
				0.12514954737893721,
				-0.041728876418663928,
				0.0,
				-0.12174266611462298,
				0.98964187021705441,
				0.076076881906389907,
				0.0,
				0.050817630637608448,
				-0.070331781607908456,
				0.9962283919424485,
				0.0,
				0.33006088822511842,
				0.039906213369631884,
				-0.069055047365342376,
				1.0
			],
			"version_major" : 1,
			"version_minor" : 0
		},
		{
			"class_name" : "PoseGraphNode",
			"pose" : 
			[
				0.97635566638772908,
				0.20453073079757489,
				-0.06997708819308987,
				0.0,
				-0.20718057638109519,
				0.97774941046962915,
				-0.032898314496238514,
				0.0,
				0.061691340421250705,
				0.046618349238323475,
				0.9970059719135701,
				0.0,
				0.48683110268988899,
				-0.37091423379222804,
				0.10884040869028057,
				1.0
			],
			"version_major" : 1,
			"version_minor" : 0
		},
		{
			"class_name" : "PoseGraphNode",
			"pose" : 
			[
				0.76188322414316778,
				-0.45681554363480265,
				-0.45918788296606078,
				0.0,
				0.63669850066255818,
				0.65838951617227592,
				0.40142030871455442,
				0.0,
				0.1189494515467068,
				-0.59819963564689649,
				0.7924696990350224,
				0.0,
				0.49864972257713563,
				2.2901938126022237,
				0.65209579695662445,
				1.0
			],
			"version_major" : 1,
			"version_minor" : 0
		},
		{
			"class_name" : "PoseGraphNode",
			"pose" : 
			[
				0.76198457337145475,
				-0.45677075106184939,
				-0.45906425576199861,
				0.0,
				0.63655291160053995,
				0.65863678928195435,
				0.40124552400897284,
				0.0,
				0.11907938812740876,
				-0.59796158804621946,
				0.79262982441013796,
				0.0,
				0.49871766552327124,
				2.2901273661827712,
				0.65217881783915199,
				1.0
			],
			"version_major" : 1,
			"version_minor" : 0
		},
		{
			"class_name" : "PoseGraphNode",
			"pose" : 
			[
				0.76204769314930798,
				-0.456742112045042,
				-0.45898796983194812,
				0.0,
				0.63646241226441336,
				0.65878909932886331,
				0.4011390287419449,
				0.0,
				0.11915918403707979,
				-0.59781566196454183,
				0.79272789983039893,
				0.0,
				0.49876020388505338,
				2.2900881041531798,
				0.65223005854126392,
				1.0
			],
			"version_major" : 1,
			"version_minor" : 0
		}
	],
	"version_major" : 1,
	"version_minor" : 0
}