{
	"class_name" : "PoseGraph",
	"edges" : 
	[
		{
			"class_name" : "PoseGraphEdge",
			"confidence" : 1.0,
			"information" : 
			[
				39880.887632706261,
				-6969.6133193357336,
				-13564.540587181114,
				0.0,
				-11183.16660785675,
				5742.4692716598511,
				-6969.6133193357336,
				37445.438240404495,
				-16194.687305641764,
				11183.16660785675,
				0.0,
				-4815.8546359539032,
				-13564.540587181114,
				-16194.687305641764,
				14219.847476924242,
				-5742.4692716598511,
				4815.8546359539032,
				0.0,
				0.0,
				11183.16660785675,
				-5742.4692716598511,
				3967.0,
				0.0,
				0.0,
				-11183.16660785675,
				0.0,
				4815.8546359539032,
				0.0,
				3967.0,
				0.0,
				5742.4692716598511,
				-4815.8546359539032,
				0.0,
				0.0,
				0.0,
				3967.0
			],
			"source_node_id" : 0,
			"target_node_id" : 1,
			"transformation" : 
			[
				0.999465577986832,
				-0.032548991279140085,
				-0.0030201963775298756,
				0.0,
				0.032530883599407937,
				0.99945353671199011,
				-0.0058625562798950495,
				0.0,
				0.0032093662443147325,
				0.0057611735439607997,
				0.99997825418741348,
				0.0,
				-0.099910733206843461,
				-0.052863540368615909,
				-0.045413630645125144,
				1.0
			],
			"uncertain" : false,
			"version_major" : 1,
			"version_minor" : 0
		},
		{
			"class_name" : "PoseGraphEdge",
			"confidence" : 1.0,
			"information" : 
			[
				2.0,
				0.0,
				0.0,
				0.0,
				0.0,
				0.0,
				0.0,
				2.0,
				0.0,
				0.0,
				0.0,
				0.0,
				0.0,
				0.0,
				2.0,
				0.0,
				0.0,
				0.0,
				0.0,
				0.0,
				0.0,
				2.0,
				0.0,
				0.0,
				0.0,
				0.0,
				0.0,
				0.0,
				2.0,
				0.0,
				0.0,
				0.0,
				0.0,
				0.0,
				0.0,
				2.0
			],
			"source_node_id" : 0,
			"target_node_id" : 5,
			"transformation" : 
			[
				0.76416561810619743,
				0.58782871285466598,
				0.26553401373082108,
				0.0,
				-0.18597717980358111,
				0.59497936796031703,
				-0.78192841123330981,
				0.0,
				-0.61762723118130058,
				0.54813954066931569,
				0.56398550270211023,
				0.0,
				1.7657324061172532,
				-3.5397359095925998,
				1.0933130176157668,
				1.0
			],
			"uncertain" : true,
			"version_major" : 1,
			"version_minor" : 0
		},
		{
			"class_name" : "PoseGraphEdge",
			"confidence" : 1.0,
			"information" : 
			[
				2.0,
				0.0,
				0.0,
				0.0,
				0.0,
				0.0,
				0.0,
				2.0,
				0.0,
				0.0,
				0.0,
				0.0,
				0.0,
				0.0,
				2.0,
				0.0,
				0.0,
				0.0,
				0.0,
				0.0,
				0.0,
				2.0,
				0.0,
				0.0,
				0.0,
				0.0,
				0.0,
				0.0,
				2.0,
				0.0,
				0.0,
				0.0,
				0.0,
				0.0,
				0.0,
				2.0
			],
			"source_node_id" : 0,
			"target_node_id" : 10,
			"transformation" : 
			[
				1.0,
				0.0,
				0.0,
				0.0,
				0.0,
				1.0,
				0.0,
				0.0,
				0.0,
				0.0,
				1.0,
				0.0,
				0.0,
				0.0,
				0.0,
				1.0
			],
			"uncertain" : true,
			"version_major" : 1,
			"version_minor" : 0
		},
		{
			"class_name" : "PoseGraphEdge",
			"confidence" : 1.0,
			"information" : 
			[
				55057.277276401757,
				-9115.2639309298829,
				-17463.109621182375,
				0.0,
				-15420.054550886154,
				8039.8766753673553,
				-9115.2639309298829,
				50421.583273731514,
				-22547.167015313567,
				15420.054550886154,
				0.0,
				-6235.7379265427589,
				-17463.109621182375,
				-22547.167015313567,
				18923.443734733304,
				-8039.8766753673553,
				6235.7379265427589,
				0.0,
				0.0,
				15420.054550886154,
				-8039.8766753673553,
				5499.0,
				0.0,
				0.0,
				-15420.054550886154,
				0.0,
				6235.7379265427589,
				0.0,
				5499.0,
				0.0,
				8039.8766753673553,
				-6235.7379265427589,
				0.0,
				0.0,
				0.0,
				5499.0
			],
			"source_node_id" : 1,
			"target_node_id" : 2,
			"transformation" : 
			[
				0.99729375503968398,
				-0.073167330471012343,
				0.0071908212737918755,
				0.0,
				0.07261776016732914,
				0.99560876752993221,
				0.059074892516276102,
				0.0,
				-0.011481596889205893,
				-0.058392840051456445,
				0.99822765397658575,
				0.0,
				-0.16878296874901716,
				0.26398040457320537,
				-0.09578965652657187,
				1.0
			],
			"uncertain" : false,
			"version_major" : 1,
			"version_minor" : 0
		},
		{
			"class_name" : "PoseGraphEdge",
			"confidence" : 1.0,
			"information" : 
			[
				71613.392611108939,
				-11535.862235313145,
				-22316.004512079504,
				0.0,
				-19658.973559379578,
				10174.418906331062,
				-11535.862235313145,
				65463.692862865748,
				-29199.416695574586,
				19658.973559379578,
				0.0,
				-7771.3075758814812,
				-22316.004512079504,
				-29199.416695574586,
				24129.56676448954,
				-10174.418906331062,
				7771.3075758814812,
				0.0,
				0.0,
				19658.973559379578,
				-10174.418906331062,
				6850.0,
				0.0,
				0.0,
				-19658.973559379578,
				0.0,
				7771.3075758814812,
				0.0,
				6850.0,
				0.0,
				10174.418906331062,
				-7771.3075758814812,
				0.0,
				0.0,
				0.0,
				6850.0
			],
			"source_node_id" : 2,
			"target_node_id" : 3,
			"transformation" : 
			[
				0.99977530485227895,
				-0.0052075279819445795,
				0.020548028125614032,
				0.0,
				0.005275040470778136,
				0.99998086141689302,
				-0.0032327616614458063,
				0.0,
				-0.02053080016865913,
				0.0033404269555440498,
				0.99978364049037594,
				0.0,
				-0.0027926205436435004,
				0.042063032804972846,
				0.014223902373320579,
				1.0
			],
			"uncertain" : false,
			"version_major" : 1,
			"version_minor" : 0
		},
		{
			"class_name" : "PoseGraphEdge",
			"confidence" : 1.0,
			"information" : 
			[
				53232.207729377937,
				-8209.5735280710232,
				-15607.717711775946,
				0.0,
				-14499.218602895737,
				7629.734864115715,
				-8209.5735280710232,
				47643.174820450302,
				-21920.426217880216,
				14499.218602895737,
				0.0,
				-5431.4285851120949,
				-15607.717711775946,
				-21920.426217880216,
				17508.193368350116,
				-7629.734864115715,
				5431.4285851120949,
				0.0,
				0.0,
				14499.218602895737,
				-7629.734864115715,
				5048.0,
				0.0,
				0.0,
				-14499.218602895737,
				0.0,
				5431.4285851120949,
				0.0,
				5048.0,
				0.0,
				7629.734864115715,
				-5431.4285851120949,
				0.0,
				0.0,
				0.0,
				5048.0
			],
			"source_node_id" : 3,
			"target_node_id" : 4,
			"transformation" : 
			[
				0.99943945113096522,
				-0.027225442891686595,
				0.019482268409705836,
				0.0,
				0.027363829458823315,
				0.99960191771448836,
				-0.0068721858869787841,
				0.0,
				-0.019287414559363354,
				0.0074014431611862655,
				0.99978658436625722,
				0.0,
				-0.023711902084907095,
				0.042668720800788651,
				-0.0038645055702627587,
				1.0
			],
			"uncertain" : false,
			"version_major" : 1,
			"version_minor" : 0
		},
		{
			"class_name" : "PoseGraphEdge",
			"confidence" : 1.0,
			"information" : 
			[
				43671.163704085528,
				-6595.0947755153811,
				-12421.108740169144,
				0.0,
				-11798.289501667023,
				6263.0956476926804,
				-6595.0947755153811,
				38684.753590084838,
				-18075.380037894596,
				11798.289501667023,
				0.0,
				-4304.1422731280327,
				-12421.108740169144,
				-18075.380037894596,
				14223.034812154907,
				-6263.0956476926804,
				4304.1422731280327,
				0.0,
				0.0,
				11798.289501667023,
				-6263.0956476926804,
				4090.0,
				0.0,
				0.0,
				-11798.289501667023,
				0.0,
				4304.1422731280327,
				0.0,
				4090.0,
				0.0,
				6263.0956476926804,
				-4304.1422731280327,
				0.0,
				0.0,
				0.0,
				4090.0
			],
			"source_node_id" : 4,
			"target_node_id" : 5,
			"transformation" : 
			[
				0.99968403783717485,
				-0.017839060307035401,
				-0.017708540903285615,
				0.0,
				0.017717382688711036,
				0.9998184998372911,
				-0.0070044081670763009,
				0.0,
				0.017830278859937869,
				0.0066884460430802527,
				0.99981865647991641,
				0.0,
				-0.087230632339491618,
				0.026306129264394514,
				0.038813680691093685,
				1.0
			],
			"uncertain" : false,
			"version_major" : 1,
			"version_minor" : 0
		},
		{
			"class_name" : "PoseGraphEdge",
			"confidence" : 1.0,
			"information" : 
			[
				32080.055060869534,
				-4550.2294973100325,
				-8468.0275062562669,
				0.0,
				-8610.416907787323,
				4624.5877722501755,
				-4550.2294973100325,
				27816.010521261509,
				-13366.303829574359,
				8610.416907787323,
				0.0,
				-2933.6810624599457,
				-8468.0275062562669,
				-13366.303829574359,
				10104.423674018048,
				-4624.5877722501755,
				2933.6810624599457,
				0.0,
				0.0,
				8610.416907787323,
				-4624.5877722501755,
				2981.0,
				0.0,
				0.0,
				-8610.416907787323,
				0.0,
				2933.6810624599457,
				0.0,
				2981.0,
				0.0,
				4624.5877722501755,
				-2933.6810624599457,
				0.0,
				0.0,
				0.0,
				2981.0
			],
			"source_node_id" : 5,
			"target_node_id" : 6,
			"transformation" : 
			[
				0.99954113438530534,
				0.029387874332176309,
				0.0073398578986774259,
				0.0,
				-0.028392622781344037,
				0.993414440361164,
				-0.11100274164862121,
				0.0,
				-0.010553655448841811,
				0.11074340849075601,
				0.993792995463601,
				0.0,
				0.041679249637790634,
				-0.31294179401242489,
				0.20135502844067998,
				1.0
			],
			"uncertain" : false,
			"version_major" : 1,
			"version_minor" : 0
		},
		{
			"class_name" : "PoseGraphEdge",
			"confidence" : 1.0,
			"information" : 
			[
				2.0,
				0.0,
				0.0,
				0.0,
				0.0,
				0.0,
				0.0,
				2.0,
				0.0,
				0.0,
				0.0,
				0.0,
				0.0,
				0.0,
				2.0,
				0.0,
				0.0,
				0.0,
				0.0,
				0.0,
				0.0,
				2.0,
				0.0,
				0.0,
				0.0,
				0.0,
				0.0,
				0.0,
				2.0,
				0.0,
				0.0,
				0.0,
				0.0,
				0.0,
				0.0,
				2.0
			],
			"source_node_id" : 5,
			"target_node_id" : 10,
			"transformation" : 
			[
				1.0,
				0.0,
				0.0,
				0.0,
				0.0,
				1.0,
				0.0,
				0.0,
				0.0,
				0.0,
				1.0,
				0.0,
				0.0,
				0.0,
				0.0,
				1.0
			],
			"uncertain" : true,
			"version_major" : 1,
			"version_minor" : 0
		},
		{
			"class_name" : "PoseGraphEdge",
			"confidence" : 1.0,
			"information" : 
			[
				27524.327133270122,
				-3725.6775665359714,
				-6894.5534306098725,
				0.0,
				-7328.919246673584,
				3959.3076150417328,
				-3725.6775665359714,
				23566.976417131977,
				-11505.899946914584,
				7328.919246673584,
				0.0,
				-2375.6735574007034,
				-6894.5534306098725,
				-11505.899946914584,
				8483.1985891233817,
				-3959.3076150417328,
				2375.6735574007034,
				0.0,
				0.0,
				7328.919246673584,
				-3959.3076150417328,
				2524.0,
				0.0,
				0.0,
				-7328.919246673584,
				0.0,
				2375.6735574007034,
				0.0,
				2524.0,
				0.0,
				3959.3076150417328,
				-2375.6735574007034,
				0.0,
				0.0,
				0.0,
				2524.0
			],
			"source_node_id" : 6,
			"target_node_id" : 7,
			"transformation" : 
			[
				0.9963404625040192,
				-0.081617731579443048,
				0.025381660093509201,
				0.0,
				0.078211096326265453,
				0.99034569613376489,
				0.11444835761500628,
				0.0,
				-0.034477633165866654,
				-0.11204440209646688,
				0.99310490119127148,
				0.0,
				-0.056582630056417574,
				0.43991880956681279,
				-0.16784987027203216,
				1.0
			],
			"uncertain" : false,
			"version_major" : 1,
			"version_minor" : 0
		},
		{
			"class_name" : "PoseGraphEdge",
			"confidence" : 1.0,
			"information" : 
			[
				2.0,
				0.0,
				0.0,
				0.0,
				0.0,
				0.0,
				0.0,
				2.0,
				0.0,
				0.0,
				0.0,
				0.0,
				0.0,
				0.0,
				2.0,
				0.0,
				0.0,
				0.0,
				0.0,
				0.0,
				0.0,
				2.0,
				0.0,
				0.0,
				0.0,
				0.0,
				0.0,
				0.0,
				2.0,
				0.0,
				0.0,
				0.0,
				0.0,
				0.0,
				0.0,
				2.0
			],
			"source_node_id" : 7,
			"target_node_id" : 8,
			"transformation" : 
			[
				0.68255757937868777,
				0.72822068096148029,
				-0.061723501623808741,
				0.0,
				-0.58941936537008055,
				0.49858615039332355,
				-0.63560731773847423,
				0.0,
				-0.43208791068420072,
				0.47021961938647799,
				0.76954112754588899,
				0.0,
				1.4561335270539562,
				-1.9776194442711668,
				1.1600720818452845,
				1.0
			],
			"uncertain" : false,
			"version_major" : 1,
			"version_minor" : 0
		},
		{
			"class_name" : "PoseGraphEdge",
			"confidence" : 1.0,
			"information" : 
			[
				2.0,
				0.0,
				0.0,
				0.0,
				0.0,
				0.0,
				0.0,
				2.0,
				0.0,
				0.0,
				0.0,
				0.0,
				0.0,
				0.0,
				2.0,
				0.0,
				0.0,
				0.0,
				0.0,
				0.0,
				0.0,
				2.0,
				0.0,
				0.0,
				0.0,
				0.0,
				0.0,
				0.0,
				2.0,
				0.0,
				0.0,
				0.0,
				0.0,
				0.0,
				0.0,
				2.0
			],
			"source_node_id" : 8,
			"target_node_id" : 9,
			"transformation" : 
			[
				1.0,
				0.0,
				0.0,
				0.0,
				0.0,
				1.0,
				0.0,
				0.0,
				0.0,
				0.0,
				1.0,
				0.0,
				0.0,
				0.0,
				0.0,
				1.0
			],
			"uncertain" : false,
			"version_major" : 1,
			"version_minor" : 0
		},
		{
			"class_name" : "PoseGraphEdge",
			"confidence" : 1.0,
			"information" : 
			[
				2.0,
				0.0,
				0.0,
				0.0,
				0.0,
				0.0,
				0.0,
				2.0,
				0.0,
				0.0,
				0.0,
				0.0,
				0.0,
				0.0,
				2.0,
				0.0,
				0.0,
				0.0,
				0.0,
				0.0,
				0.0,
				2.0,
				0.0,
				0.0,
				0.0,
				0.0,
				0.0,
				0.0,
				2.0,
				0.0,
				0.0,
				0.0,
				0.0,
				0.0,
				0.0,
				2.0
			],
			"source_node_id" : 9,
			"target_node_id" : 10,
			"transformation" : 
			[
				1.0,
				0.0,
				0.0,
				0.0,
				0.0,
				1.0,
				0.0,
				0.0,
				0.0,
				0.0,
				1.0,
				0.0,
				0.0,
				0.0,
				0.0,
				1.0
			],
			"uncertain" : false,
			"version_major" : 1,
			"version_minor" : 0
		}
	],
	"nodes" : 
	[
		{
			"class_name" : "PoseGraphNode",
			"pose" : 
			[
				1.0,
				0.0,
				0.0,
				0.0,
				0.0,
				1.0,
				0.0,
				0.0,
				0.0,
				0.0,
				1.0,
				0.0,
				0.0,
				0.0,
				0.0,
				1.0
			],
			"version_major" : 1,
			"version_minor" : 0
		},
		{
			"class_name" : "PoseGraphNode",
			"pose" : 
			[
				0.99946557798683155,
				0.032530883599408054,
				0.0032093662443147463,
				0.0,
				-0.032548991279140002,
				0.99945353671199155,
				0.0057611735439608586,
				0.0,
				-0.0030201963775298582,
				-0.0058625562798949923,
				0.99997825418741226,
				0.0,
				0.097999525714458496,
				0.055818596851282237,
				0.046037849253634765,
				1.0
			],
			"version_major" : 1,
			"version_minor" : 0
		},
		{
			"class_name" : "PoseGraphNode",
			"pose" : 
			[
				0.99443182113833228,
				0.10508823579489888,
				-0.0078623027807637295,
				0.0,
				-0.10535793148673396,
				0.99302683728957064,
				-0.052890516120671575,
				0.0,
				0.0022493066347918159,
				0.053424368224529568,
				0.99856936539204522,
				0.0,
				0.29387057039351161,
				-0.18346642310803266,
				0.1543255028215752,
				1.0
			],
			"version_major" : 1,
			"version_minor" : 0
		},
		{
			"class_name" : "PoseGraphNode",
			"pose" : 
			[
				0.9936064297158349,
				0.1092060347053497,
				-0.028640963867944697,
				0.0,
				-0.1105269329754061,
				0.99263904243414314,
				-0.049512912684263818,
				0.0,
				0.023023030087306884,
				0.052361946290826772,
				0.99836274302792127,
				0.0,
				0.30096695679670993,
				-0.22565965190954662,
				0.14212756855800607,
				1.0
			],
			"version_major" : 1,
			"version_minor" : 0
		},
		{
			"class_name" : "PoseGraphNode",
			"pose" : 
			[
				0.98958096988513844,
				0.135297298292195,
				-0.049235608212144871,
				0.0,
				-0.13736390562176828,
				0.98965826172342586,
				-0.041324114447903404,
				0.0,
				0.043135385399008151,
				0.047656752694684286,
				0.99793194780459649,
				0.0,
				0.33045964293394486,
				-0.26449477789151099,
				0.1465798593097403,
				1.0
			],
			"version_major" : 1,
			"version_minor" : 0
		},
		{
			"class_name" : "PoseGraphNode",
			"pose" : 
			[
				0.98760368680848187,
				0.15363843680930608,
				-0.032158801860234829,
				0.0,
				-0.15470365995323437,
				0.98738381154326971,
				-0.033763683142700174,
				0.0,
				0.026565680856454346,
				0.038320222299453512,
				0.99891232105903738,
				0.0,
				0.41964747965736271,
				-0.27855439494935474,
				0.1058913546334008,
				1.0
			],
			"version_major" : 1,
			"version_minor" : 0
		},
		{
			"class_name" : "PoseGraphNode",
			"pose" : 
			[
				0.99126258705308279,
				0.12512910288913373,
				-0.041727582232731826,
				0.0,
				-0.12171930268942323,
				0.98964015567104036,
				0.076136545996011121,
				0.0,
				0.050822188674134995,
				-0.070392257341008291,
				0.9962238881119081,
				0.0,
				0.33000803863950751,
				0.040103918655709433,
				-0.069137853080096567,
				1.0
			],
			"version_major" : 1,
			"version_minor" : 0
		},
		{
			"class_name" : "PoseGraphNode",
			"pose" : 
			[
				0.97636299556219808,
				0.20449898821512125,
				-0.069967597613487142,
				0.0,
				-0.20714313305294327,
				0.97776017374357571,
				-0.032814098645945922,
				0.0,
				0.061701080426696593,
				0.046531779032474907,
				0.99700941330272852,
				0.0,
				0.48673590366603503,
				-0.37064972934818879,
				0.10868663612439358,
				1.0
			],
			"version_major" : 1,
			"version_minor" : 0
		},
		{
			"class_name" : "PoseGraphNode",
			"pose" : 
			[
				0.76185784594216532,
				-0.45683426589313508,
				-0.45921136318937589,
				0.0,
				0.63674208675859134,
				0.65829822891469203,
				0.40150088014610325,
				0.0,
				0.11887866724807468,
				-0.59828579735245502,
				0.79241527443611215,
				0.0,
				0.49869486009866204,
				2.2904799896299819,
				0.65211680843641262,
				1.0
			],
			"version_major" : 1,
			"version_minor" : 0
		},
		{
			"class_name" : "PoseGraphNode",
			"pose" : 
			[
				0.76185784594216532,
				-0.45683426589313508,
				-0.45921136318937589,
				0.0,
				0.63674208675859134,
				0.65829822891469203,
				0.40150088014610325,
				0.0,
				0.11887866724807468,
				-0.59828579735245502,
				0.79241527443611215,
				0.0,
				0.49869486009866204,
				2.2904799896299819,
				0.65211680843641262,
				1.0
			],
			"version_major" : 1,
			"version_minor" : 0
		},
		{
			"class_name" : "PoseGraphNode",
			"pose" : 
			[
				0.76185784594216532,
				-0.45683426589313508,
				-0.45921136318937589,
				0.0,
				0.63674208675859134,
				0.65829822891469203,
				0.40150088014610325,
				0.0,
				0.11887866724807468,
				-0.59828579735245502,
				0.79241527443611215,
				0.0,
				0.49869486009866204,
				2.2904799896299819,
				0.65211680843641262,
				1.0
			],
			"version_major" : 1,
			"version_minor" : 0
		}
	],
	"version_major" : 1,
	"version_minor" : 0
}