{
	"class_name" : "PoseGraph",
	"edges" : 
	[
		{
			"class_name" : "PoseGraphEdge",
			"confidence" : 1.0,
			"information" : 
			[
				2.0,
				0.0,
				0.0,
				0.0,
				0.0,
				0.0,
				0.0,
				2.0,
				0.0,
				0.0,
				0.0,
				0.0,
				0.0,
				0.0,
				2.0,
				0.0,
				0.0,
				0.0,
				0.0,
				0.0,
				0.0,
				2.0,
				0.0,
				0.0,
				0.0,
				0.0,
				0.0,
				0.0,
				2.0,
				0.0,
				0.0,
				0.0,
				0.0,
				0.0,
				0.0,
				2.0
			],
			"source_node_id" : 0,
			"target_node_id" : 1,
			"transformation" : 
			[
				1.0,
				0.0,
				0.0,
				0.0,
				0.0,
				1.0,
				0.0,
				0.0,
				0.0,
				0.0,
				1.0,
				0.0,
				0.0,
				0.0,
				0.0,
				1.0
			],
			"uncertain" : false,
			"version_major" : 1,
			"version_minor" : 0
		},
		{
			"class_name" : "PoseGraphEdge",
			"confidence" : 1.0,
			"information" : 
			[
				12108.319633983492,
				-373.40056445298194,
				-2109.6942740450427,
				0.0,
				-4111.7575540542603,
				613.38720984815154,
				-373.40056445298194,
				12170.492963309667,
				-1738.3492655128532,
				4111.7575540542603,
				0.0,
				-741.32931713014841,
				-2109.6942740450427,
				-1738.3492655128532,
				870.08826622556319,
				-613.38720984815154,
				741.32931713014841,
				0.0,
				0.0,
				4111.7575540542603,
				-613.38720984815154,
				1447.0,
				0.0,
				0.0,
				-4111.7575540542603,
				0.0,
				741.32931713014841,
				0.0,
				1447.0,
				0.0,
				613.38720984815154,
				-741.32931713014841,
				0.0,
				0.0,
				0.0,
				1447.0
			],
			"source_node_id" : 0,
			"target_node_id" : 5,
			"transformation" : 
			[
				0.99720170589499446,
				0.020871588371594012,
				-0.071785336657005275,
				0.0,
				-0.020658988347920734,
				0.99977972318251318,
				0.003702879087833141,
				0.0,
				0.071846808979615193,
				-0.0022095049095614966,
				0.99741323137779836,
				0.0,
				-0.21130993179795929,
				-0.03570398153094434,
				0.0037235565493978651,
				1.0
			],
			"uncertain" : true,
			"version_major" : 1,
			"version_minor" : 0
		},
		{
			"class_name" : "PoseGraphEdge",
			"confidence" : 1.0,
			"information" : 
			[
				29619.876426248484,
				93.752926383075703,
				-5777.2407926969918,
				0.0,
				-10246.021877288818,
				-261.07560913241468,
				93.752926383075703,
				30277.463709862132,
				779.04322801091951,
				10246.021877288818,
				0.0,
				-2032.0062720626593,
				-5777.2407926969918,
				779.04322801091951,
				1681.0581530711502,
				261.07560913241468,
				2032.0062720626593,
				0.0,
				0.0,
				10246.021877288818,
				261.07560913241468,
				3611.0,
				0.0,
				0.0,
				-10246.021877288818,
				0.0,
				2032.0062720626593,
				0.0,
				3611.0,
				0.0,
				-261.07560913241468,
				-2032.0062720626593,
				0.0,
				0.0,
				0.0,
				3611.0
			],
			"source_node_id" : 0,
			"target_node_id" : 10,
			"transformation" : 
			[
				0.97609930247353849,
				0.1767332411000469,
				0.12647336953265645,
				0.0,
				-0.16949566990028023,
				0.98332176410679495,
				-0.06595093721059786,
				0.0,
				-0.13601973972819695,
				0.042937975315257428,
				0.9897752071455922,
				0.0,
				0.5018317782999997,
				-0.3918788515331999,
				-0.079678733749163511,
				1.0
			],
			"uncertain" : true,
			"version_major" : 1,
			"version_minor" : 0
		},
		{
			"class_name" : "PoseGraphEdge",
			"confidence" : 1.0,
			"information" : 
			[
				27322.957984532037,
				-324.04700221243843,
				-4377.0853252643847,
				0.0,
				-9388.7926609516144,
				668.91765760583803,
				-324.04700221243843,
				27493.911077062639,
				-1907.1762872494332,
				9388.7926609516144,
				0.0,
				-1540.3956221416593,
				-4377.0853252643847,
				-1907.1762872494332,
				1441.0738771472493,
				-668.91765760583803,
				1540.3956221416593,
				0.0,
				0.0,
				9388.7926609516144,
				-668.91765760583803,
				3306.0,
				0.0,
				0.0,
				-9388.7926609516144,
				0.0,
				1540.3956221416593,
				0.0,
				3306.0,
				0.0,
				668.91765760583803,
				-1540.3956221416593,
				0.0,
				0.0,
				0.0,
				3306.0
			],
			"source_node_id" : 0,
			"target_node_id" : 15,
			"transformation" : 
			[
				0.9806869782764237,
				0.026687755098398665,
				-0.19375452089400361,
				0.0,
				0.00014971270565996073,
				0.99054400043363777,
				0.13719533808053164,
				0.0,
				0.19558381381178441,
				-0.1345746890493659,
				0.97140960713908131,
				0.0,
				-0.53086141075900761,
				0.47332696692251658,
				0.10322983792520513,
				1.0
			],
			"uncertain" : true,
			"version_major" : 1,
			"version_minor" : 0
		},
		{
			"class_name" : "PoseGraphEdge",
			"confidence" : 1.0,
			"information" : 
			[
				2.0,
				0.0,
				0.0,
				0.0,
				0.0,
				0.0,
				0.0,
				2.0,
				0.0,
				0.0,
				0.0,
				0.0,
				0.0,
				0.0,
				2.0,
				0.0,
				0.0,
				0.0,
				0.0,
				0.0,
				0.0,
				2.0,
				0.0,
				0.0,
				0.0,
				0.0,
				0.0,
				0.0,
				2.0,
				0.0,
				0.0,
				0.0,
				0.0,
				0.0,
				0.0,
				2.0
			],
			"source_node_id" : 0,
			"target_node_id" : 20,
			"transformation" : 
			[
				1.0,
				0.0,
				0.0,
				0.0,
				0.0,
				1.0,
				0.0,
				0.0,
				0.0,
				0.0,
				1.0,
				0.0,
				0.0,
				0.0,
				0.0,
				1.0
			],
			"uncertain" : true,
			"version_major" : 1,
			"version_minor" : 0
		},
		{
			"class_name" : "PoseGraphEdge",
			"confidence" : 1.0,
			"information" : 
			[
				2.0,
				0.0,
				0.0,
				0.0,
				0.0,
				0.0,
				0.0,
				2.0,
				0.0,
				0.0,
				0.0,
				0.0,
				0.0,
				0.0,
				2.0,
				0.0,
				0.0,
				0.0,
				0.0,
				0.0,
				0.0,
				2.0,
				0.0,
				0.0,
				0.0,
				0.0,
				0.0,
				0.0,
				2.0,
				0.0,
				0.0,
				0.0,
				0.0,
				0.0,
				0.0,
				2.0
			],
			"source_node_id" : 0,
			"target_node_id" : 25,
			"transformation" : 
			[
				1.0,
				0.0,
				0.0,
				0.0,
				0.0,
				1.0,
				0.0,
				0.0,
				0.0,
				0.0,
				1.0,
				0.0,
				0.0,
				0.0,
				0.0,
				1.0
			],
			"uncertain" : true,
			"version_major" : 1,
			"version_minor" : 0
		},
		{
			"class_name" : "PoseGraphEdge",
			"confidence" : 1.0,
			"information" : 
			[
				2.0,
				0.0,
				0.0,
				0.0,
				0.0,
				0.0,
				0.0,
				2.0,
				0.0,
				0.0,
				0.0,
				0.0,
				0.0,
				0.0,
				2.0,
				0.0,
				0.0,
				0.0,
				0.0,
				0.0,
				0.0,
				2.0,
				0.0,
				0.0,
				0.0,
				0.0,
				0.0,
				0.0,
				2.0,
				0.0,
				0.0,
				0.0,
				0.0,
				0.0,
				0.0,
				2.0
			],
			"source_node_id" : 0,
			"target_node_id" : 30,
			"transformation" : 
			[
				1.0,
				0.0,
				0.0,
				0.0,
				0.0,
				1.0,
				0.0,
				0.0,
				0.0,
				0.0,
				1.0,
				0.0,
				0.0,
				0.0,
				0.0,
				1.0
			],
			"uncertain" : true,
			"version_major" : 1,
			"version_minor" : 0
		},
		{
			"class_name" : "PoseGraphEdge",
			"confidence" : 1.0,
			"information" : 
			[
				2.0,
				0.0,
				0.0,
				0.0,
				0.0,
				0.0,
				0.0,
				2.0,
				0.0,
				0.0,
				0.0,
				0.0,
				0.0,
				0.0,
				2.0,
				0.0,
				0.0,
				0.0,
				0.0,
				0.0,
				0.0,
				2.0,
				0.0,
				0.0,
				0.0,
				0.0,
				0.0,
				0.0,
				2.0,
				0.0,
				0.0,
				0.0,
				0.0,
				0.0,
				0.0,
				2.0
			],
			"source_node_id" : 0,
			"target_node_id" : 35,
			"transformation" : 
			[
				1.0,
				0.0,
				0.0,
				0.0,
				0.0,
				1.0,
				0.0,
				0.0,
				0.0,
				0.0,
				1.0,
				0.0,
				0.0,
				0.0,
				0.0,
				1.0
			],
			"uncertain" : true,
			"version_major" : 1,
			"version_minor" : 0
		},
		{
			"class_name" : "PoseGraphEdge",
			"confidence" : 1.0,
			"information" : 
			[
				2.0,
				0.0,
				0.0,
				0.0,
				0.0,
				0.0,
				0.0,
				2.0,
				0.0,
				0.0,
				0.0,
				0.0,
				0.0,
				0.0,
				2.0,
				0.0,
				0.0,
				0.0,
				0.0,
				0.0,
				0.0,
				2.0,
				0.0,
				0.0,
				0.0,
				0.0,
				0.0,
				0.0,
				2.0,
				0.0,
				0.0,
				0.0,
				0.0,
				0.0,
				0.0,
				2.0
			],
			"source_node_id" : 0,
			"target_node_id" : 40,
			"transformation" : 
			[
				1.0,
				0.0,
				0.0,
				0.0,
				0.0,
				1.0,
				0.0,
				0.0,
				0.0,
				0.0,
				1.0,
				0.0,
				0.0,
				0.0,
				0.0,
				1.0
			],
			"uncertain" : true,
			"version_major" : 1,
			"version_minor" : 0
		},
		{
			"class_name" : "PoseGraphEdge",
			"confidence" : 1.0,
			"information" : 
			[
				2.0,
				0.0,
				0.0,
				0.0,
				0.0,
				0.0,
				0.0,
				2.0,
				0.0,
				0.0,
				0.0,
				0.0,
				0.0,
				0.0,
				2.0,
				0.0,
				0.0,
				0.0,
				0.0,
				0.0,
				0.0,
				2.0,
				0.0,
				0.0,
				0.0,
				0.0,
				0.0,
				0.0,
				2.0,
				0.0,
				0.0,
				0.0,
				0.0,
				0.0,
				0.0,
				2.0
			],
			"source_node_id" : 0,
			"target_node_id" : 45,
			"transformation" : 
			[
				1.0,
				0.0,
				0.0,
				0.0,
				0.0,
				1.0,
				0.0,
				0.0,
				0.0,
				0.0,
				1.0,
				0.0,
				0.0,
				0.0,
				0.0,
				1.0
			],
			"uncertain" : true,
			"version_major" : 1,
			"version_minor" : 0
		},
		{
			"class_name" : "PoseGraphEdge",
			"confidence" : 1.0,
			"information" : 
			[
				2.0,
				0.0,
				0.0,
				0.0,
				0.0,
				0.0,
				0.0,
				2.0,
				0.0,
				0.0,
				0.0,
				0.0,
				0.0,
				0.0,
				2.0,
				0.0,
				0.0,
				0.0,
				0.0,
				0.0,
				0.0,
				2.0,
				0.0,
				0.0,
				0.0,
				0.0,
				0.0,
				0.0,
				2.0,
				0.0,
				0.0,
				0.0,
				0.0,
				0.0,
				0.0,
				2.0
			],
			"source_node_id" : 1,
			"target_node_id" : 2,
			"transformation" : 
			[
				0.80148583510051452,
				0.039555976226857775,
				0.59670409825806559,
				0.0,
				-0.25152995460009309,
				0.92755363040412686,
				0.27636379043391268,
				0.0,
				-0.54254321309192144,
				-0.37159061811200877,
				0.7533706089694695,
				0.0,
				1.9095485276543767,
				0.93458731953709839,
				-0.5640399871605204,
				1.0
			],
			"uncertain" : false,
			"version_major" : 1,
			"version_minor" : 0
		},
		{
			"class_name" : "PoseGraphEdge",
			"confidence" : 1.0,
			"information" : 
			[
				111503.25204139906,
				1767.4606397181999,
				-27573.178976889718,
				0.0,
				-37204.329973459244,
				-311.66598187049385,
				1767.4606397181999,
				111927.74687636957,
				388.45005322169436,
				37204.329973459244,
				0.0,
				-9901.7177898697555,
				-27573.178976889718,
				388.45005322169436,
				16232.826428218859,
				311.66598187049385,
				9901.7177898697555,
				0.0,
				0.0,
				37204.329973459244,
				311.66598187049385,
				13380.0,
				0.0,
				0.0,
				-37204.329973459244,
				0.0,
				9901.7177898697555,
				0.0,
				13380.0,
				0.0,
				-311.66598187049385,
				-9901.7177898697555,
				0.0,
				0.0,
				0.0,
				13380.0
			],
			"source_node_id" : 2,
			"target_node_id" : 3,
			"transformation" : 
			[
				0.99993456043972384,
				-0.0064824369534664788,
				0.0094261789374621499,
				0.0,
				0.0066338999158395461,
				0.99984794657303699,
				-0.016126844253864521,
				0.0,
				-0.0093202044035174889,
				0.016188321247927823,
				0.99982552080102904,
				0.0,
				-0.0063216460393545858,
				-0.016320310313672048,
				0.01384745044161673,
				1.0
			],
			"uncertain" : false,
			"version_major" : 1,
			"version_minor" : 0
		},
		{
			"class_name" : "PoseGraphEdge",
			"confidence" : 1.0,
			"information" : 
			[
				116055.988369931,
				714.53193106843764,
				-26033.082998388258,
				0.0,
				-38729.610827684402,
				852.62269489991013,
				714.53193106843764,
				115391.24798848531,
				-2624.6363744040923,
				38729.610827684402,
				0.0,
				-9297.863785076217,
				-26033.082998388258,
				-2624.6363744040923,
				14763.631480490669,
				-852.62269489991013,
				9297.863785076217,
				0.0,
				0.0,
				38729.610827684402,
				-852.62269489991013,
				13862.0,
				0.0,
				0.0,
				-38729.610827684402,
				0.0,
				9297.863785076217,
				0.0,
				13862.0,
				0.0,
				852.62269489991013,
				-9297.863785076217,
				0.0,
				0.0,
				0.0,
				13862.0
			],
			"source_node_id" : 3,
			"target_node_id" : 4,
			"transformation" : 
			[
				0.99994475580094766,
				-0.0048967285614594592,
				0.0093009351992008552,
				0.0,
				0.0052199238668946824,
				0.99937198665738225,
				-0.035048319207929321,
				0.0,
				-0.0091234719821003292,
				0.035094933165237249,
				0.9993423377027113,
				0.0,
				-0.018478240336722965,
				-0.031559638454779111,
				0.0096397765737437965,
				1.0
			],
			"uncertain" : false,
			"version_major" : 1,
			"version_minor" : 0
		},
		{
			"class_name" : "PoseGraphEdge",
			"confidence" : 1.0,
			"information" : 
			[
				137452.40287365083,
				-568.92929331352627,
				-28119.762066857948,
				0.0,
				-45843.437974691391,
				2831.5107040044386,
				-568.92929331352627,
				136206.51117296112,
				-7953.6785149461957,
				45843.437974691391,
				0.0,
				-9952.8854968203232,
				-28119.762066857948,
				-7953.6785149461957,
				15354.946177127236,
				-2831.5107040044386,
				9952.8854968203232,
				0.0,
				0.0,
				45843.437974691391,
				-2831.5107040044386,
				16291.0,
				0.0,
				0.0,
				-45843.437974691391,
				0.0,
				9952.8854968203232,
				0.0,
				16291.0,
				0.0,
				2831.5107040044386,
				-9952.8854968203232,
				0.0,
				0.0,
				0.0,
				16291.0
			],
			"source_node_id" : 4,
			"target_node_id" : 5,
			"transformation" : 
			[
				0.99964407936642108,
				-0.0092730636055619372,
				0.025014493379395649,
				0.0,
				0.0098945579350682555,
				0.99964254431740829,
				-0.024837095520379326,
				0.0,
				-0.024775235840052132,
				0.025075762839564232,
				0.99937850377476278,
				0.0,
				0.017406298119424738,
				0.022807906664287163,
				0.0035324639771523022,
				1.0
			],
			"uncertain" : false,
			"version_major" : 1,
			"version_minor" : 0
		},
		{
			"class_name" : "PoseGraphEdge",
			"confidence" : 1.0,
			"information" : 
			[
				142753.79392177361,
				-403.4868434528874,
				-25125.536259470497,
				0.0,
				-47412.114728927612,
				2822.3498997257557,
				-403.4868434528874,
				139642.73733294601,
				-7752.8340336688789,
				47412.114728927612,
				0.0,
				-8869.0171966409689,
				-25125.536259470497,
				-7752.8340336688789,
				14359.695552278372,
				-2822.3498997257557,
				8869.0171966409689,
				0.0,
				0.0,
				47412.114728927612,
				-2822.3498997257557,
				16795.0,
				0.0,
				0.0,
				-47412.114728927612,
				0.0,
				8869.0171966409689,
				0.0,
				16795.0,
				0.0,
				2822.3498997257557,
				-8869.0171966409689,
				0.0,
				0.0,
				0.0,
				16795.0
			],
			"source_node_id" : 5,
			"target_node_id" : 6,
			"transformation" : 
			[
				0.99998639988024318,
				-0.0028857295196097286,
				-0.0043442628476009475,
				0.0,
				0.0027723283684040838,
				0.99966102686365121,
				-0.025887169898029246,
				0.0,
				0.0044174936295522643,
				0.025874774106286275,
				0.99965543154378045,
				0.0,
				-0.056364500068882585,
				-0.011036161225246402,
				0.030398372267439855,
				1.0
			],
			"uncertain" : false,
			"version_major" : 1,
			"version_minor" : 0
		},
		{
			"class_name" : "PoseGraphEdge",
			"confidence" : 1.0,
			"information" : 
			[
				19879.136014588836,
				78.047811183223956,
				-3288.7281806566107,
				0.0,
				-6762.9852607250214,
				-247.48413241654634,
				78.047811183223956,
				20168.83482956174,
				719.79491825518676,
				6762.9852607250214,
				0.0,
				-1135.9490018635988,
				-3288.7281806566107,
				719.79491825518676,
				956.53072940491177,
				247.48413241654634,
				1135.9490018635988,
				0.0,
				0.0,
				6762.9852607250214,
				247.48413241654634,
				2343.0,
				0.0,
				0.0,
				-6762.9852607250214,
				0.0,
				1135.9490018635988,
				0.0,
				2343.0,
				0.0,
				-247.48413241654634,
				-1135.9490018635988,
				0.0,
				0.0,
				0.0,
				2343.0
			],
			"source_node_id" : 5,
			"target_node_id" : 10,
			"transformation" : 
			[
				0.85895924520484634,
				0.51039286614373014,
				0.041086947644101979,
				0.0,
				-0.50807150340468987,
				0.85952287614726475,
				-0.055531727936665783,
				0.0,
				-0.063658169194679273,
				0.026824383853550654,
				0.99761119176042712,
				0.0,
				0.31831207198465306,
				-0.62786897869495584,
				0.025637070993081726,
				1.0
			],
			"uncertain" : true,
			"version_major" : 1,
			"version_minor" : 0
		},
		{
			"class_name" : "PoseGraphEdge",
			"confidence" : 1.0,
			"information" : 
			[
				37031.286389445697,
				-819.75033213968186,
				-4584.3314536195967,
				0.0,
				-12488.209208488464,
				2107.6614809050225,
				-819.75033213968186,
				36387.190447377929,
				-5981.6425294511946,
				12488.209208488464,
				0.0,
				-1611.4713489613496,
				-4584.3314536195967,
				-5981.6425294511946,
				2147.4430035377122,
				-2107.6614809050225,
				1611.4713489613496,
				0.0,
				0.0,
				12488.209208488464,
				-2107.6614809050225,
				4381.0,
				0.0,
				0.0,
				-12488.209208488464,
				0.0,
				1611.4713489613496,
				0.0,
				4381.0,
				0.0,
				2107.6614809050225,
				-1611.4713489613496,
				0.0,
				0.0,
				0.0,
				4381.0
			],
			"source_node_id" : 5,
			"target_node_id" : 15,
			"transformation" : 
			[
				0.94475550886681092,
				0.31630103591898689,
				-0.085969082479627701,
				0.0,
				-0.31590528615386931,
				0.94860976969354727,
				0.018529841391571756,
				0.0,
				0.087412119559333756,
				0.0096519178679967451,
				0.99612547494560877,
				0.0,
				-0.22964212418798008,
				-0.016148585818384551,
				0.080616932746388953,
				1.0
			],
			"uncertain" : true,
			"version_major" : 1,
			"version_minor" : 0
		},
		{
			"class_name" : "PoseGraphEdge",
			"confidence" : 1.0,
			"information" : 
			[
				2.0,
				0.0,
				0.0,
				0.0,
				0.0,
				0.0,
				0.0,
				2.0,
				0.0,
				0.0,
				0.0,
				0.0,
				0.0,
				0.0,
				2.0,
				0.0,
				0.0,
				0.0,
				0.0,
				0.0,
				0.0,
				2.0,
				0.0,
				0.0,
				0.0,
				0.0,
				0.0,
				0.0,
				2.0,
				0.0,
				0.0,
				0.0,
				0.0,
				0.0,
				0.0,
				2.0
			],
			"source_node_id" : 5,
			"target_node_id" : 20,
			"transformation" : 
			[
				1.0,
				0.0,
				0.0,
				0.0,
				0.0,
				1.0,
				0.0,
				0.0,
				0.0,
				0.0,
				1.0,
				0.0,
				0.0,
				0.0,
				0.0,
				1.0
			],
			"uncertain" : true,
			"version_major" : 1,
			"version_minor" : 0
		},
		{
			"class_name" : "PoseGraphEdge",
			"confidence" : 1.0,
			"information" : 
			[
				2.0,
				0.0,
				0.0,
				0.0,
				0.0,
				0.0,
				0.0,
				2.0,
				0.0,
				0.0,
				0.0,
				0.0,
				0.0,
				0.0,
				2.0,
				0.0,
				0.0,
				0.0,
				0.0,
				0.0,
				0.0,
				2.0,
				0.0,
				0.0,
				0.0,
				0.0,
				0.0,
				0.0,
				2.0,
				0.0,
				0.0,
				0.0,
				0.0,
				0.0,
				0.0,
				2.0
			],
			"source_node_id" : 5,
			"target_node_id" : 25,
			"transformation" : 
			[
				1.0,
				0.0,
				0.0,
				0.0,
				0.0,
				1.0,
				0.0,
				0.0,
				0.0,
				0.0,
				1.0,
				0.0,
				0.0,
				0.0,
				0.0,
				1.0
			],
			"uncertain" : true,
			"version_major" : 1,
			"version_minor" : 0
		},
		{
			"class_name" : "PoseGraphEdge",
			"confidence" : 1.0,
			"information" : 
			[
				2.0,
				0.0,
				0.0,
				0.0,
				0.0,
				0.0,
				0.0,
				2.0,
				0.0,
				0.0,
				0.0,
				0.0,
				0.0,
				0.0,
				2.0,
				0.0,
				0.0,
				0.0,
				0.0,
				0.0,
				0.0,
				2.0,
				0.0,
				0.0,
				0.0,
				0.0,
				0.0,
				0.0,
				2.0,
				0.0,
				0.0,
				0.0,
				0.0,
				0.0,
				0.0,
				2.0
			],
			"source_node_id" : 5,
			"target_node_id" : 30,
			"transformation" : 
			[
				1.0,
				0.0,
				0.0,
				0.0,
				0.0,
				1.0,
				0.0,
				0.0,
				0.0,
				0.0,
				1.0,
				0.0,
				0.0,
				0.0,
				0.0,
				1.0
			],
			"uncertain" : true,
			"version_major" : 1,
			"version_minor" : 0
		},
		{
			"class_name" : "PoseGraphEdge",
			"confidence" : 1.0,
			"information" : 
			[
				2.0,
				0.0,
				0.0,
				0.0,
				0.0,
				0.0,
				0.0,
				2.0,
				0.0,
				0.0,
				0.0,
				0.0,
				0.0,
				0.0,
				2.0,
				0.0,
				0.0,
				0.0,
				0.0,
				0.0,
				0.0,
				2.0,
				0.0,
				0.0,
				0.0,
				0.0,
				0.0,
				0.0,
				2.0,
				0.0,
				0.0,
				0.0,
				0.0,
				0.0,
				0.0,
				2.0
			],
			"source_node_id" : 5,
			"target_node_id" : 35,
			"transformation" : 
			[
				1.0,
				0.0,
				0.0,
				0.0,
				0.0,
				1.0,
				0.0,
				0.0,
				0.0,
				0.0,
				1.0,
				0.0,
				0.0,
				0.0,
				0.0,
				1.0
			],
			"uncertain" : true,
			"version_major" : 1,
			"version_minor" : 0
		},
		{
			"class_name" : "PoseGraphEdge",
			"confidence" : 1.0,
			"information" : 
			[
				2.0,
				0.0,
				0.0,
				0.0,
				0.0,
				0.0,
				0.0,
				2.0,
				0.0,
				0.0,
				0.0,
				0.0,
				0.0,
				0.0,
				2.0,
				0.0,
				0.0,
				0.0,
				0.0,
				0.0,
				0.0,
				2.0,
				0.0,
				0.0,
				0.0,
				0.0,
				0.0,
				0.0,
				2.0,
				0.0,
				0.0,
				0.0,
				0.0,
				0.0,
				0.0,
				2.0
			],
			"source_node_id" : 5,
			"target_node_id" : 40,
			"transformation" : 
			[
				1.0,
				0.0,
				0.0,
				0.0,
				0.0,
				1.0,
				0.0,
				0.0,
				0.0,
				0.0,
				1.0,
				0.0,
				0.0,
				0.0,
				0.0,
				1.0
			],
			"uncertain" : true,
			"version_major" : 1,
			"version_minor" : 0
		},
		{
			"class_name" : "PoseGraphEdge",
			"confidence" : 1.0,
			"information" : 
			[
				2.0,
				0.0,
				0.0,
				0.0,
				0.0,
				0.0,
				0.0,
				2.0,
				0.0,
				0.0,
				0.0,
				0.0,
				0.0,
				0.0,
				2.0,
				0.0,
				0.0,
				0.0,
				0.0,
				0.0,
				0.0,
				2.0,
				0.0,
				0.0,
				0.0,
				0.0,
				0.0,
				0.0,
				2.0,
				0.0,
				0.0,
				0.0,
				0.0,
				0.0,
				0.0,
				2.0
			],
			"source_node_id" : 5,
			"target_node_id" : 45,
			"transformation" : 
			[
				1.0,
				0.0,
				0.0,
				0.0,
				0.0,
				1.0,
				0.0,
				0.0,
				0.0,
				0.0,
				1.0,
				0.0,
				0.0,
				0.0,
				0.0,
				1.0
			],
			"uncertain" : true,
			"version_major" : 1,
			"version_minor" : 0
		},
		{
			"class_name" : "PoseGraphEdge",
			"confidence" : 1.0,
			"information" : 
			[
				136311.24684058205,
				-289.47399613874302,
				-22110.123207992056,
				0.0,
				-45070.847501754761,
				2706.9240952278487,
				-289.47399613874302,
				132839.11894378389,
				-7348.7506739284399,
				45070.847501754761,
				0.0,
				-7750.0404115993733,
				-22110.123207992056,
				-7348.7506739284399,
				12967.910409819026,
				-2706.9240952278487,
				7750.0404115993733,
				0.0,
				0.0,
				45070.847501754761,
				-2706.9240952278487,
				15880.0,
				0.0,
				0.0,
				-45070.847501754761,
				0.0,
				7750.0404115993733,
				0.0,
				15880.0,
				0.0,
				2706.9240952278487,
				-7750.0404115993733,
				0.0,
				0.0,
				0.0,
				15880.0
			],
			"source_node_id" : 6,
			"target_node_id" : 7,
			"transformation" : 
			[
				0.99972662821910496,
				-0.0036829419715804323,
				0.023089061654699216,
				0.0,
				0.0039362314784121659,
				0.99993247157315857,
				-0.010934275254471592,
				0.0,
				-0.023047232185424968,
				0.0110221700234647,
				0.99967361516475139,
				0.0,
				0.035609005657733138,
				0.022217516001081513,
				0.0024097299562712217,
				1.0
			],
			"uncertain" : false,
			"version_major" : 1,
			"version_minor" : 0
		},
		{
			"class_name" : "PoseGraphEdge",
			"confidence" : 1.0,
			"information" : 
			[
				113187.55877161829,
				-21.330967656305809,
				-16331.61817628537,
				0.0,
				-37534.124916791916,
				1915.8068949369481,
				-21.330967656305809,
				110295.36288224779,
				-5113.5239793076817,
				37534.124916791916,
				0.0,
				-5720.0804656801774,
				-16331.61817628537,
				-5113.5239793076817,
				9234.4589993126101,
				-1915.8068949369481,
				5720.0804656801774,
				0.0,
				0.0,
				37534.124916791916,
				-1915.8068949369481,
				13169.0,
				0.0,
				0.0,
				-37534.124916791916,
				0.0,
				5720.0804656801774,
				0.0,
				13169.0,
				0.0,
				1915.8068949369481,
				-5720.0804656801774,
				0.0,
				0.0,
				0.0,
				13169.0
			],
			"source_node_id" : 7,
			"target_node_id" : 8,
			"transformation" : 
			[
				0.99998872084951762,
				-0.0044710539938854999,
				0.0016024512255921409,
				0.0,
				0.0044952082373101729,
				0.99987129641858885,
				-0.015400769497426487,
				0.0,
				-0.0015333873124099839,
				0.015407799141778932,
				0.99988011703851587,
				0.0,
				-0.019437813657178896,
				0.013961780845941508,
				0.0165732461430627,
				1.0
			],
			"uncertain" : false,
			"version_major" : 1,
			"version_minor" : 0
		},
		{
			"class_name" : "PoseGraphEdge",
			"confidence" : 1.0,
			"information" : 
			[
				123809.06065880177,
				-73.290319246846337,
				-19032.852839124618,
				0.0,
				-41536.545862197876,
				1543.9932588487864,
				-73.290319246846337,
				122369.58828995372,
				-4070.3453750235813,
				41536.545862197876,
				0.0,
				-6654.3532525572518,
				-19032.852839124618,
				-4070.3453750235813,
				8914.8891473157037,
				-1543.9932588487864,
				6654.3532525572518,
				0.0,
				0.0,
				41536.545862197876,
				-1543.9932588487864,
				14560.0,
				0.0,
				0.0,
				-41536.545862197876,
				0.0,
				6654.3532525572518,
				0.0,
				14560.0,
				0.0,
				1543.9932588487864,
				-6654.3532525572518,
				0.0,
				0.0,
				0.0,
				14560.0
			],
			"source_node_id" : 8,
			"target_node_id" : 9,
			"transformation" : 
			[
				0.99988192105982432,
				-0.001467332222668122,
				0.015296760240773154,
				0.0,
				0.0015677165600340567,
				0.99997730303012555,
				-0.0065525330510257445,
				0.0,
				-0.015286798307780923,
				0.0065757403192119503,
				0.99986152713100707,
				0.0,
				0.038606887677850379,
				0.0063463709789912965,
				-0.0067692422823376272,
				1.0
			],
			"uncertain" : false,
			"version_major" : 1,
			"version_minor" : 0
		},
		{
			"class_name" : "PoseGraphEdge",
			"confidence" : 1.0,
			"information" : 
			[
				123336.97076409344,
				-2.7201074346521921,
				-18217.175052730367,
				0.0,
				-41285.182139396667,
				1029.8220432000235,
				-2.7201074346521921,
				121829.82036410039,
				-2659.8902151303723,
				41285.182139396667,
				0.0,
				-6353.4263252563105,
				-18217.175052730367,
				-2659.8902151303723,
				8456.1801281662702,
				-1029.8220432000235,
				6353.4263252563105,
				0.0,
				0.0,
				41285.182139396667,
				-1029.8220432000235,
				14415.0,
				0.0,
				0.0,
				-41285.182139396667,
				0.0,
				6353.4263252563105,
				0.0,
				14415.0,
				0.0,
				1029.8220432000235,
				-6353.4263252563105,
				0.0,
				0.0,
				0.0,
				14415.0
			],
			"source_node_id" : 9,
			"target_node_id" : 10,
			"transformation" : 
			[
				0.99997186743648048,
				-0.0014888442679764336,
				0.0073517126129198128,
				0.0,
				0.0015065033451190186,
				0.99999599221333324,
				-0.0023970825900855009,
				0.0,
				-0.0073481142661499157,
				0.0024080905336509887,
				0.99997010271143272,
				0.0,
				0.0069626061178574691,
				0.0085977381530113351,
				0.0030853392880898427,
				1.0
			],
			"uncertain" : false,
			"version_major" : 1,
			"version_minor" : 0
		},
		{
			"class_name" : "PoseGraphEdge",
			"confidence" : 1.0,
			"information" : 
			[
				138040.5422541186,
				-383.1567370955716,
				-19776.514827397503,
				0.0,
				-46365.871073722839,
				1458.1436328513082,
				-383.1567370955716,
				136971.61060873972,
				-3933.9248489586989,
				46365.871073722839,
				0.0,
				-6887.4605649039004,
				-19776.514827397503,
				-3933.9248489586989,
				8469.4688058542743,
				-1458.1436328513082,
				6887.4605649039004,
				0.0,
				0.0,
				46365.871073722839,
				-1458.1436328513082,
				16143.0,
				0.0,
				0.0,
				-46365.871073722839,
				0.0,
				6887.4605649039004,
				0.0,
				16143.0,
				0.0,
				1458.1436328513082,
				-6887.4605649039004,
				0.0,
				0.0,
				0.0,
				16143.0
			],
			"source_node_id" : 10,
			"target_node_id" : 11,
			"transformation" : 
			[
				0.9997271512526702,
				-0.0044485173587676084,
				0.022931064988977103,
				0.0,
				0.0045234484480381884,
				0.9999845950819114,
				-0.0032168327597919487,
				0.0,
				-0.022916401601427085,
				0.0033196825413393215,
				0.99973187317673662,
				0.0,
				0.05917557510388196,
				0.0075045695668185348,
				-0.0058695412593717123,
				1.0
			],
			"uncertain" : false,
			"version_major" : 1,
			"version_minor" : 0
		},
		{
			"class_name" : "PoseGraphEdge",
			"confidence" : 1.0,
			"information" : 
			[
				140639.41339982508,
				-696.25518398671682,
				-19951.86920989829,
				0.0,
				-47063.063213825226,
				2394.1686466775136,
				-696.25518398671682,
				138958.95375772723,
				-6588.0102185564947,
				47063.063213825226,
				0.0,
				-6965.6795207961259,
				-19951.86920989829,
				-6588.0102185564947,
				8979.3598876397755,
				-2394.1686466775136,
				6965.6795207961259,
				0.0,
				0.0,
				47063.063213825226,
				-2394.1686466775136,
				16383.0,
				0.0,
				0.0,
				-47063.063213825226,
				0.0,
				6965.6795207961259,
				0.0,
				16383.0,
				0.0,
				2394.1686466775136,
				-6965.6795207961259,
				0.0,
				0.0,
				0.0,
				16383.0
			],
			"source_node_id" : 10,
			"target_node_id" : 15,
			"transformation" : 
			[
				0.9998573095654143,
				-0.01619757568534259,
				-0.0047957325330723697,
				0.0,
				0.016183785328635188,
				0.99986482688215639,
				-0.0029005269093599854,
				0.0,
				0.0048420657830952557,
				0.0028224999261059632,
				0.99998429382321763,
				0.0,
				-4.1646780789846488e-05,
				0.034710852449142654,
				0.01581450359173046,
				1.0
			],
			"uncertain" : true,
			"version_major" : 1,
			"version_minor" : 0
		},
		{
			"class_name" : "PoseGraphEdge",
			"confidence" : 1.0,
			"information" : 
			[
				2.0,
				0.0,
				0.0,
				0.0,
				0.0,
				0.0,
				0.0,
				2.0,
				0.0,
				0.0,
				0.0,
				0.0,
				0.0,
				0.0,
				2.0,
				0.0,
				0.0,
				0.0,
				0.0,
				0.0,
				0.0,
				2.0,
				0.0,
				0.0,
				0.0,
				0.0,
				0.0,
				0.0,
				2.0,
				0.0,
				0.0,
				0.0,
				0.0,
				0.0,
				0.0,
				2.0
			],
			"source_node_id" : 10,
			"target_node_id" : 20,
			"transformation" : 
			[
				1.0,
				0.0,
				0.0,
				0.0,
				0.0,
				1.0,
				0.0,
				0.0,
				0.0,
				0.0,
				1.0,
				0.0,
				0.0,
				0.0,
				0.0,
				1.0
			],
			"uncertain" : true,
			"version_major" : 1,
			"version_minor" : 0
		},
		{
			"class_name" : "PoseGraphEdge",
			"confidence" : 1.0,
			"information" : 
			[
				2.0,
				0.0,
				0.0,
				0.0,
				0.0,
				0.0,
				0.0,
				2.0,
				0.0,
				0.0,
				0.0,
				0.0,
				0.0,
				0.0,
				2.0,
				0.0,
				0.0,
				0.0,
				0.0,
				0.0,
				0.0,
				2.0,
				0.0,
				0.0,
				0.0,
				0.0,
				0.0,
				0.0,
				2.0,
				0.0,
				0.0,
				0.0,
				0.0,
				0.0,
				0.0,
				2.0
			],
			"source_node_id" : 10,
			"target_node_id" : 25,
			"transformation" : 
			[
				1.0,
				0.0,
				0.0,
				0.0,
				0.0,
				1.0,
				0.0,
				0.0,
				0.0,
				0.0,
				1.0,
				0.0,
				0.0,
				0.0,
				0.0,
				1.0
			],
			"uncertain" : true,
			"version_major" : 1,
			"version_minor" : 0
		},
		{
			"class_name" : "PoseGraphEdge",
			"confidence" : 1.0,
			"information" : 
			[
				2.0,
				0.0,
				0.0,
				0.0,
				0.0,
				0.0,
				0.0,
				2.0,
				0.0,
				0.0,
				0.0,
				0.0,
				0.0,
				0.0,
				2.0,
				0.0,
				0.0,
				0.0,
				0.0,
				0.0,
				0.0,
				2.0,
				0.0,
				0.0,
				0.0,
				0.0,
				0.0,
				0.0,
				2.0,
				0.0,
				0.0,
				0.0,
				0.0,
				0.0,
				0.0,
				2.0
			],
			"source_node_id" : 10,
			"target_node_id" : 30,
			"transformation" : 
			[
				0.99572618133234991,
				0.083320134959512723,
				0.039838761522227269,
				0.0,
				-0.092354234176279984,
				0.89710592381782706,
				0.43205515490580138,
				0.0,
				0.00025930485754874222,
				-0.43388790783022724,
				0.90096682302940501,
				0.0,
				0.21415303839064212,
				1.2212255088391633,
				-0.75654362122627916,
				1.0
			],
			"uncertain" : true,
			"version_major" : 1,
			"version_minor" : 0
		},
		{
			"class_name" : "PoseGraphEdge",
			"confidence" : 1.0,
			"information" : 
			[
				2.0,
				0.0,
				0.0,
				0.0,
				0.0,
				0.0,
				0.0,
				2.0,
				0.0,
				0.0,
				0.0,
				0.0,
				0.0,
				0.0,
				2.0,
				0.0,
				0.0,
				0.0,
				0.0,
				0.0,
				0.0,
				2.0,
				0.0,
				0.0,
				0.0,
				0.0,
				0.0,
				0.0,
				2.0,
				0.0,
				0.0,
				0.0,
				0.0,
				0.0,
				0.0,
				2.0
			],
			"source_node_id" : 10,
			"target_node_id" : 35,
			"transformation" : 
			[
				1.0,
				0.0,
				0.0,
				0.0,
				0.0,
				1.0,
				0.0,
				0.0,
				0.0,
				0.0,
				1.0,
				0.0,
				0.0,
				0.0,
				0.0,
				1.0
			],
			"uncertain" : true,
			"version_major" : 1,
			"version_minor" : 0
		},
		{
			"class_name" : "PoseGraphEdge",
			"confidence" : 1.0,
			"information" : 
			[
				2.0,
				0.0,
				0.0,
				0.0,
				0.0,
				0.0,
				0.0,
				2.0,
				0.0,
				0.0,
				0.0,
				0.0,
				0.0,
				0.0,
				2.0,
				0.0,
				0.0,
				0.0,
				0.0,
				0.0,
				0.0,
				2.0,
				0.0,
				0.0,
				0.0,
				0.0,
				0.0,
				0.0,
				2.0,
				0.0,
				0.0,
				0.0,
				0.0,
				0.0,
				0.0,
				2.0
			],
			"source_node_id" : 10,
			"target_node_id" : 40,
			"transformation" : 
			[
				1.0,
				0.0,
				0.0,
				0.0,
				0.0,
				1.0,
				0.0,
				0.0,
				0.0,
				0.0,
				1.0,
				0.0,
				0.0,
				0.0,
				0.0,
				1.0
			],
			"uncertain" : true,
			"version_major" : 1,
			"version_minor" : 0
		},
		{
			"class_name" : "PoseGraphEdge",
			"confidence" : 1.0,
			"information" : 
			[
				2.0,
				0.0,
				0.0,
				0.0,
				0.0,
				0.0,
				0.0,
				2.0,
				0.0,
				0.0,
				0.0,
				0.0,
				0.0,
				0.0,
				2.0,
				0.0,
				0.0,
				0.0,
				0.0,
				0.0,
				0.0,
				2.0,
				0.0,
				0.0,
				0.0,
				0.0,
				0.0,
				0.0,
				2.0,
				0.0,
				0.0,
				0.0,
				0.0,
				0.0,
				0.0,
				2.0
			],
			"source_node_id" : 10,
			"target_node_id" : 45,
			"transformation" : 
			[
				1.0,
				0.0,
				0.0,
				0.0,
				0.0,
				1.0,
				0.0,
				0.0,
				0.0,
				0.0,
				1.0,
				0.0,
				0.0,
				0.0,
				0.0,
				1.0
			],
			"uncertain" : true,
			"version_major" : 1,
			"version_minor" : 0
		},
		{
			"class_name" : "PoseGraphEdge",
			"confidence" : 1.0,
			"information" : 
			[
				142197.55854714135,
				-760.43582557900186,
				-20438.512023972286,
				0.0,
				-47733.719080448151,
				2045.1376630357699,
				-760.43582557900186,
				141255.68669661571,
				-5700.1663047132943,
				47733.719080448151,
				0.0,
				-7113.6381701456994,
				-20438.512023972286,
				-5700.1663047132943,
				8579.0093583041617,
				-2045.1376630357699,
				7113.6381701456994,
				0.0,
				0.0,
				47733.719080448151,
				-2045.1376630357699,
				16591.0,
				0.0,
				0.0,
				-47733.719080448151,
				0.0,
				7113.6381701456994,
				0.0,
				16591.0,
				0.0,
				2045.1376630357699,
				-7113.6381701456994,
				0.0,
				0.0,
				0.0,
				16591.0
			],
			"source_node_id" : 11,
			"target_node_id" : 12,
			"transformation" : 
			[
				0.99966490928910634,
				-0.002812573719786667,
				-0.025732441879316281,
				0.0,
				0.0029161633936024417,
				0.99998779184187192,
				0.0039890046726716198,
				0.0,
				0.025720908363886328,
				-0.0040627079992965618,
				0.99966090714634259,
				0.0,
				-0.064909780514918955,
				0.011983512431450856,
				0.018642072852122011,
				1.0
			],
			"uncertain" : false,
			"version_major" : 1,
			"version_minor" : 0
		},
		{
			"class_name" : "PoseGraphEdge",
			"confidence" : 1.0,
			"information" : 
			[
				201662.26964250027,
				-1908.9625272383437,
				-27181.322498471498,
				0.0,
				-67527.080939292908,
				5492.2995068385499,
				-1908.9625272383437,
				198213.35244956973,
				-15211.30782120545,
				67527.080939292908,
				0.0,
				-9526.4440069774719,
				-27181.322498471498,
				-15211.30782120545,
				13745.122395141401,
				-5492.2995068385499,
				9526.4440069774719,
				0.0,
				0.0,
				67527.080939292908,
				-5492.2995068385499,
				23640.0,
				0.0,
				0.0,
				-67527.080939292908,
				0.0,
				9526.4440069774719,
				0.0,
				23640.0,
				0.0,
				5492.2995068385499,
				-9526.4440069774719,
				0.0,
				0.0,
				0.0,
				23640.0
			],
			"source_node_id" : 12,
			"target_node_id" : 13,
			"transformation" : 
			[
				0.99996397398113768,
				-0.0017719310554388155,
				-0.0083012649750679023,
				0.0,
				0.0017470167018595979,
				0.99999395123178925,
				-0.0030075625474690346,
				0.0,
				0.0083065439561192528,
				0.002992951748405968,
				0.99996102102398776,
				0.0,
				-0.023365902455147636,
				-0.0047468887486614188,
				-0.0053031829316747998,
				1.0
			],
			"uncertain" : false,
			"version_major" : 1,
			"version_minor" : 0
		},
		{
			"class_name" : "PoseGraphEdge",
			"confidence" : 1.0,
			"information" : 
			[
				426916.25162617117,
				-4896.51408519085,
				-49648.198048164624,
				0.0,
				-142357.54833483696,
				15454.583085202961,
				-4896.51408519085,
				415168.31112374924,
				-42217.303039040562,
				142357.54833483696,
				0.0,
				-17449.673095726277,
				-49648.198048164624,
				-42217.303039040562,
				30870.230117724972,
				-15454.583085202961,
				17449.673095726277,
				0.0,
				0.0,
				142357.54833483696,
				-15454.583085202961,
				50036.0,
				0.0,
				0.0,
				-142357.54833483696,
				0.0,
				17449.673095726277,
				0.0,
				50036.0,
				0.0,
				15454.583085202961,
				-17449.673095726277,
				0.0,
				0.0,
				0.0,
				50036.0
			],
			"source_node_id" : 13,
			"target_node_id" : 14,
			"transformation" : 
			[
				0.99999962934085362,
				0.00021255136048823213,
				-0.00083435009054933591,
				0.0,
				-0.00021641729361291406,
				0.99998922974724647,
				-0.0046361140045682861,
				0.0,
				0.0008333556920489259,
				0.0046362928539387489,
				0.9999889050918831,
				0.0,
				-0.0013374825760785764,
				-0.012641891078029493,
				-0.0017766123568282162,
				1.0
			],
			"uncertain" : false,
			"version_major" : 1,
			"version_minor" : 0
		},
		{
			"class_name" : "PoseGraphEdge",
			"confidence" : 1.0,
			"information" : 
			[
				285479.99091060838,
				-2935.3951964128382,
				-35301.157569860559,
				0.0,
				-95117.010477304459,
				9780.4403826987837,
				-2935.3951964128382,
				278143.41191130917,
				-26897.720360815176,
				95117.010477304459,
				0.0,
				-12380.050160761355,
				-35301.157569860559,
				-26897.720360815176,
				20116.485030734122,
				-9780.4403826987837,
				12380.050160761355,
				0.0,
				0.0,
				95117.010477304459,
				-9780.4403826987837,
				33332.0,
				0.0,
				0.0,
				-95117.010477304459,
				0.0,
				12380.050160761355,
				0.0,
				33332.0,
				0.0,
				9780.4403826987837,
				-12380.050160761355,
				0.0,
				0.0,
				0.0,
				33332.0
			],
			"source_node_id" : 14,
			"target_node_id" : 15,
			"transformation" : 
			[
				0.99992177292231899,
				-0.0061292730742880247,
				-0.010903212713126758,
				0.0,
				0.0062278623199978501,
				0.99993982226936884,
				0.0090313659446277124,
				0.0,
				0.010847200874420652,
				-0.0090985631548854036,
				0.99989977216804338,
				0.0,
				-0.022930519615635931,
				0.045570026170392117,
				0.019132682577646672,
				1.0
			],
			"uncertain" : false,
			"version_major" : 1,
			"version_minor" : 0
		},
		{
			"class_name" : "PoseGraphEdge",
			"confidence" : 1.0,
			"information" : 
			[
				2.0,
				0.0,
				0.0,
				0.0,
				0.0,
				0.0,
				0.0,
				2.0,
				0.0,
				0.0,
				0.0,
				0.0,
				0.0,
				0.0,
				2.0,
				0.0,
				0.0,
				0.0,
				0.0,
				0.0,
				0.0,
				2.0,
				0.0,
				0.0,
				0.0,
				0.0,
				0.0,
				0.0,
				2.0,
				0.0,
				0.0,
				0.0,
				0.0,
				0.0,
				0.0,
				2.0
			],
			"source_node_id" : 15,
			"target_node_id" : 16,
			"transformation" : 
			[
				1.0,
				0.0,
				0.0,
				0.0,
				0.0,
				1.0,
				0.0,
				0.0,
				0.0,
				0.0,
				1.0,
				0.0,
				0.0,
				0.0,
				0.0,
				1.0
			],
			"uncertain" : false,
			"version_major" : 1,
			"version_minor" : 0
		},
		{
			"class_name" : "PoseGraphEdge",
			"confidence" : 1.0,
			"information" : 
			[
				2.0,
				0.0,
				0.0,
				0.0,
				0.0,
				0.0,
				0.0,
				2.0,
				0.0,
				0.0,
				0.0,
				0.0,
				0.0,
				0.0,
				2.0,
				0.0,
				0.0,
				0.0,
				0.0,
				0.0,
				0.0,
				2.0,
				0.0,
				0.0,
				0.0,
				0.0,
				0.0,
				0.0,
				2.0,
				0.0,
				0.0,
				0.0,
				0.0,
				0.0,
				0.0,
				2.0
			],
			"source_node_id" : 15,
