0 0 1
1.00000000 -0.00000000 -0.00000000 0.00000000
0.00000000 1.00000000 -0.00000000 0.00000000
0.00000000 0.00000000 1.00000000 0.00000000
0.00000000 0.00000000 0.00000000 1.00000000
1 1 2
1.00000000 0.00000000 -0.00000000 -0.00000001
-0.00000000 1.00000000 0.00000000 0.00000002
0.00000000 -0.00000000 1.00000000 -0.00000002
0.00000000 0.00000000 0.00000000 1.00000000
2 2 3
0.80148584 0.03955598 0.59670410 -1.23087967
-0.25152996 0.92755363 0.27636379 -0.23069090
-0.54254321 -0.37159062 0.75337061 1.80822757
0.00000000 0.00000000 0.00000000 1.00000000
3 3 4
0.79613439 0.04401402 0.60351702 -1.23348564
-0.24793597 0.93351698 0.25898609 -0.22060927
-0.55199437 -0.35582131 0.75411764 1.78848833
0.00000000 0.00000000 0.00000000 1.00000000
4 4 5
0.79081399 0.06126832 0.60898229 -1.22280963
-0.24541224 0.94323390 0.22379153 -0.19753323
-0.56070141 -0.32642918 0.76095856 1.76049010
0.00000000 0.00000000 0.00000000 1.00000000
5 5 6
0.77605107 0.06918384 0.62686389 -1.24011012
-0.24153649 0.95078420 0.19408639 -0.21569998
-0.58258464 -0.30203146 0.75456752 1.77485397
0.00000000 0.00000000 0.00000000 1.00000000
6 6 7
0.77900941 0.08315680 0.62147348 -1.21414678
-0.23804460 0.95618192 0.17044324 -0.22370307
-0.58006819 -0.28071529 0.76466974 1.71577395
0.00000000 0.00000000 0.00000000 1.00000000
7 7 8
0.76480944 0.08714924 0.63833496 -1.24482227
-0.23814862 0.95887380 0.15442235 -0.23685178
-0.59862488 -0.27012226 0.75411021 1.74123004
0.00000000 0.00000000 0.00000000 1.00000000
8 8 9
0.76423020 0.09357745 0.63811868 -1.24179117
-0.23407702 0.96219612 0.13923566 -0.25708006
-0.60096601 -0.25577701 0.75724367 1.72049431
0.00000000 0.00000000 0.00000000 1.00000000
9 9 10
0.75454461 0.09667771 0.64908848 -1.26709261
-0.23467689 0.96343475 0.12930675 -0.25318060
-0.61285332 -0.24989378 0.74964252 1.75074921
0.00000000 0.00000000 0.00000000 1.00000000
10 10 11
0.74991051 0.09714574 0.65436758 -1.27512286
-0.23417735 0.96409301 0.12524234 -0.26014175
-0.61870444 -0.24715861 0.74573282 1.75482042
0.00000000 0.00000000 0.00000000 1.00000000
11 11 12
0.73233525 0.09644874 0.67407916 -1.32318694
-0.23273001 0.96575863 0.11466040 -0.24703628
-0.63993892 -0.24084830 0.72970561 1.80722737
0.00000000 0.00000000 0.00000000 1.00000000
12 12 13
0.74689091 0.09215063 0.65853036 -1.29599131
-0.22700049 0.96619054 0.12225638 -0.26936785
-0.62499980 -0.24079890 0.74255717 1.76452336
0.00000000 0.00000000 0.00000000 1.00000000
13 13 14
0.75097486 0.09320351 0.65372002 -1.27900874
-0.22446578 0.96706755 0.11998113 -0.26583810
-0.62100875 -0.23684059 0.74716442 1.75735630
0.00000000 0.00000000 0.00000000 1.00000000
14 14 15
0.75093088 0.09662028 0.65327432 -1.27735505
-0.22468333 0.96760291 0.11516079 -0.25221864
-0.62098326 -0.23325764 0.74831187 1.75648204
0.00000000 0.00000000 0.00000000 1.00000000
15 15 16
0.75749455 0.08636339 0.64710384 -1.27954173
-0.21759372 0.96793324 0.12553171 -0.30139775
-0.61551197 -0.23589532 0.75199628 1.74189892
0.00000000 0.00000000 0.00000000 1.00000000
16 16 17
0.75818312 0.08592237 0.64635571 -1.27681201
-0.22020478 0.96678108 0.12978523 -0.29348002
-0.61373301 -0.24073159 0.75191761 1.74475909
0.00000000 0.00000000 0.00000000 1.00000000
17 17 18
0.75887187 0.08548635 0.64560481 -1.27408229
-0.22280626 0.96560408 0.13403779 -0.28556226
-0.61194024 -0.24556230 0.75181667 1.74761925
0.00000000 0.00000000 0.00000000 1.00000000
18 18 19
0.75956076 0.08505534 0.64485118 -1.27135259
-0.22539810 0.96440229 0.13828926 -0.27764448
-0.61013371 -0.25038732 0.75169345 1.75047939
0.00000000 0.00000000 0.00000000 1.00000000
19 19 20
0.76024979 0.08462935 0.64409482 -1.26862289
-0.22798021 0.96317574 0.14253953 -0.26972668
-0.60831347 -0.25520652 0.75154797 1.75333951
0.00000000 0.00000000 0.00000000 1.00000000
20 20 21
0.76093893 0.08420840 0.64333576 -1.26589319
-0.23055254 0.96192446 0.14678849 -0.26180885
-0.60647958 -0.26001977 0.75138022 1.75619961
0.00000000 0.00000000 0.00000000 1.00000000
21 21 22
0.76093866 0.08420759 0.64333618 -1.26589334
-0.23055158 0.96192471 0.14678833 -0.26180835
-0.60648027 -0.26001909 0.75137990 1.75619926
0.00000000 0.00000000 0.00000000 1.00000000
22 22 23
0.76093839 0.08420674 0.64333661 -1.26589350
-0.23055056 0.96192498 0.14678817 -0.26180782
-0.60648101 -0.26001837 0.75137956 1.75619889
0.00000000 0.00000000 0.00000000 1.00000000
23 23 24
0.76093810 0.08420586 0.64333707 -1.26589366
-0.23054950 0.96192526 0.14678800 -0.26180726
-0.60648177 -0.26001762 0.75137920 1.75619851
0.00000000 0.00000000 0.00000000 1.00000000
24 24 25
0.65749297 0.19115842 -0.72880824 2.77521351
0.00145477 0.96695718 0.25493470 -0.91619721
0.75345927 -0.16867802 0.63548946 2.97894836
0.00000000 0.00000000 0.00000000 1.00000000
25 25 26
0.65749248 0.19116002 -0.72880827 2.77521334
0.00145272 0.96695712 0.25493494 -0.91619661
0.75345971 -0.16867655 0.63548933 2.97894794
0.00000000 0.00000000 0.00000000 1.00000000
26 26 27
0.65749242 0.19116019 -0.72880827 2.77521332
0.00145250 0.96695711 0.25493496 -0.91619654
0.75345976 -0.16867640 0.63548931 2.97894790
0.00000000 0.00000000 0.00000000 1.00000000
27 27 28
0.65749235 0.19116042 -0.72880828 2.77521329
0.00145220 0.96695710 0.25493500 -0.91619645
0.75345982 -0.16867618 0.63548929 2.97894783
0.00000000 0.00000000 0.00000000 1.00000000
28 28 29
0.65749226 0.19116072 -0.72880828 2.77521326
0.00145181 0.96695709 0.25493504 -0.91619634
0.75345990 -0.16867591 0.63548927 2.97894776
0.00000000 0.00000000 0.00000000 1.00000000
29 29 30
0.65749214 0.19116108 -0.72880829 2.77521322
0.00145135 0.96695708 0.25493510 -0.91619621
0.75346000 -0.16867558 0.63548924 2.97894766
0.00000000 0.00000000 0.00000000 1.00000000
30 30 31
0.65749201 0.19116151 -0.72880830 2.77521318
0.00145080 0.96695706 0.25493516 -0.91619605
0.75346012 -0.16867519 0.63548920 2.97894755
0.00000000 0.00000000 0.00000000 1.00000000
31 31 32
-0.12074093 -0.73738114 0.66459814 39.94071812
0.97226971 -0.22292064 -0.07069646 9.90683348
0.20028288 0.63763269 0.74384899 -9.25693551
0.00000000 0.00000000 0.00000000 1.00000000
32 32 33
0.81363794 0.01106737 0.58126656 42.46696674
-0.41359128 0.71367315 0.56534316 6.42977657
-0.40857748 -0.70039142 0.58524892 -7.71598117
0.00000000 0.00000000 0.00000000 1.00000000
33 33 34
-0.77868584 -0.28752593 0.55765330 41.20938331
0.06774435 0.84508561 0.53032161 8.13066261
-0.62374599 0.45073179 -0.63857794 -8.66101048
0.00000000 0.00000000 0.00000000 1.00000000
34 34 35
-0.73340446 -0.49812741 0.46258727 41.29744742
-0.44283676 0.86637492 0.23084648 9.96342303
-0.51576497 -0.03554681 -0.85599236 -7.72959858
0.00000000 0.00000000 0.00000000 1.00000000
35 35 36
-0.81969806 -0.24600396 -0.51727859 49.51973190
0.49355716 0.15495091 -0.85579878 -0.21737050
0.29068268 -0.95680315 -0.00559595 -15.09036217
0.00000000 0.00000000 0.00000000 1.00000000
36 36 37
0.64656495 0.26485966 -0.71540417 50.10044415
-0.39013877 -0.69107239 -0.60844942 1.09920172
-0.65554977 0.67250897 -0.34349116 -21.41122730
0.00000000 0.00000000 0.00000000 1.00000000
37 37 38
0.64657087 0.26480938 -0.71541743 50.10044350
-0.39017585 -0.69107194 -0.60842615 1.09920236
-0.65552186 0.67252923 -0.34350476 -21.41122781
0.00000000 0.00000000 0.00000000 1.00000000
38 38 39
0.64657669 0.26476011 -0.71543041 50.10044262
-0.39021217 -0.69107150 -0.60840336 1.09920290
-0.65549451 0.67254908 -0.34351811 -21.41122826
0.00000000 0.00000000 0.00000000 1.00000000
39 39 40
0.64658234 0.26471241 -0.71544295 50.10044156
-0.39024731 -0.69107107 -0.60838130 1.09920335
-0.65546801 0.67256829 -0.34353104 -21.41122867
0.00000000 0.00000000 0.00000000 1.00000000
40 40 41
0.64658776 0.26466683 -0.71545492 50.10044035
-0.39028088 -0.69107066 -0.60836023 1.09920371
-0.65544268 0.67258665 -0.34354343 -21.41122902
0.00000000 0.00000000 0.00000000 1.00000000
41 41 42
-0.29137530 0.25693099 -0.92145911 50.56288288
-0.73205588 -0.67995535 0.04189161 -1.32037411
-0.61578780 0.68676574 0.38621004 -23.97982166
0.00000000 0.00000000 0.00000000 1.00000000
42 42 43
-0.69572250 -0.47836863 -0.53584854 53.69432983
-0.54665722 0.83653659 -0.03704617 -15.09932200
0.46597863 0.26715161 -0.84350099 -36.48194822
0.00000000 0.00000000 0.00000000 1.00000000
43 43 44
-0.65303276 -0.21048875 -0.72749069 53.55402205
-0.30206925 0.95327458 -0.00466323 -15.90521190
0.69447994 0.21670732 -0.68610170 -37.10133278
0.00000000 0.00000000 0.00000000 1.00000000
44 44 45
-0.52296721 -0.46527020 0.71416311 43.26621103
0.79444256 0.03749351 0.60618088 -20.78018398
-0.30881438 0.88437429 0.35002257 -27.12293298
0.00000000 0.00000000 0.00000000 1.00000000
45 45 46
-0.35937217 -0.85756657 0.36800981 44.85734624
0.82873859 -0.11199126 0.54831588 -20.44983748
-0.42900349 0.50203340 0.75094505 -26.91341485
0.00000000 0.00000000 0.00000000 1.00000000
46 46 47
-0.35935470 -0.85757513 0.36800692 44.85734508
0.82873727 -0.11197201 0.54832181 -20.44983727
-0.42902068 0.50202307 0.75094214 -26.91341485
0.00000000 0.00000000 0.00000000 1.00000000
47 47 48
-0.35934141 -0.85758164 0.36800472 44.85734417
0.82873626 -0.11195737 0.54832632 -20.44983711
-0.42903375 0.50201521 0.75093992 -26.91341485
0.00000000 0.00000000 0.00000000 1.00000000
48 48 49
-0.35933247 -0.85758603 0.36800324 44.85734353
0.82873558 -0.11194751 0.54832936 -20.44983701
-0.42904255 0.50200992 0.75093843 -26.91341484
0.00000000 0.00000000 0.00000000 1.00000000
49 49 50
-0.35932797 -0.85758823 0.36800250 44.85734321
0.82873524 -0.11194255 0.54833089 -20.44983695
-0.42904698 0.50200726 0.75093768 -26.91341484
0.00000000 0.00000000 0.00000000 1.00000000
50 50 51
-0.10002126 -0.93471656 0.34102889 44.64084381
0.94420187 0.01893383 0.32882266 -20.09688371
-0.31381296 0.35488937 0.88066734 -26.92623151
0.00000000 0.00000000 0.00000000 1.00000000
51 51 52
-0.12928231 -0.92898650 0.34679990 44.59458064
0.94536847 -0.00991799 0.32585287 -19.98815307
-0.29927336 0.36998070 0.87951676 -26.89663238
0.00000000 0.00000000 0.00000000 1.00000000
52 52 53
-0.20037775 -0.93569953 0.29037070 44.83560034
0.93834826 -0.09807638 0.33148690 -19.77212546
-0.28169363 0.33889144 0.89766435 -26.94765264
0.00000000 0.00000000 0.00000000 1.00000000
53 53 54
-0.21123075 -0.93366948 0.28921076 44.87018577
0.93081430 -0.10185605 0.35101295 -19.77022938
-0.29827221 0.34334624 0.89058803 -26.97559427
0.00000000 0.00000000 0.00000000 1.00000000
54 54 55
-0.24224051 -0.92540886 0.29144121 44.90508486
0.92073505 -0.12456415 0.36977120 -19.74164214
-0.30588641 0.35791370 0.88223086 -26.99470803
0.00000000 0.00000000 0.00000000 1.00000000
55 55 56
-0.25336564 -0.91897377 0.30214742 44.89547484
0.92483007 -0.13850074 0.35426952 -19.67105774
-0.28371676 0.36919474 0.88498590 -27.06351718
0.00000000 0.00000000 0.00000000 1.00000000
56 56 57
-0.23035718 -0.88691337 0.40040010 44.54697994
0.92459766 -0.07119614 0.37423292 -19.80719089
-0.30340524 0.45641623 0.83643857 -27.07646113
0.00000000 0.00000000 0.00000000 1.00000000
57 57 58
-0.31269879 -0.90441538 0.29026245 44.97596775
0.90273934 -0.18792546 0.38696989 -19.60845051
-0.29543382 0.38303635 0.87521541 -27.11478675
0.00000000 0.00000000 0.00000000 1.00000000
58 58 59
0.19419220 -0.54219505 0.81750469 42.67266966
0.55973092 0.74563384 0.36156808 -19.36827170
-0.80559958 0.38736895 0.44827961 -25.69566936
0.00000000 0.00000000 0.00000000 1.00000000
59 59 60
0.19418236 -0.54247122 0.81732379 42.67275329
0.55986811 0.74544358 0.36174792 -19.36818151
-0.80550662 0.38734847 0.44846433 -25.69564115
0.00000000 0.00000000 0.00000000 1.00000000
60 60 61
0.19417529 -0.54264086 0.81721286 42.67280321
0.55995334 0.74532600 0.36185828 -19.36812524
-0.80544908 0.38733713 0.44857745 -25.69562330
0.00000000 0.00000000 0.00000000 1.00000000
